OTU	4robles_ITS2	C-_ITS2	Gambita_1_ITS2	La_Palma5_ITS2	N5_ITS2	Nuevo_Horizonte_ITS2	Pcf1_ITS2	Pcov3_ITS2	San_Isidro_ITS2	Santa_BarbT1_ITS2
OTU1	33581	0	0	27140	0	0	1571	0	48749	0
OTU2	9832	0	14708	0	0	20760	0	30566	0	0
OTU3	0	0	0	0	33662	0	0	0	0	1600
OTU4	56	0	3357	239	0	1	22203	0	46	1
OTU5	0	0	3683	1762	3100	14	0	1001	9636	5999
OTU6	7358	0	1453	2966	3139	2251	2641	916	3709	667
OTU7	2050	0	668	1526	424	1955	4204	8140	1887	3324
OTU8	7691	0	2431	1790	1854	2815	498	1089	298	4291
OTU9	0	0	0	14257	0	0	0	0	0	7789
OTU10	0	0	32	4	3	20550	885	0	0	0
OTU11	13873	0	5432	0	0	0	7	117	1059	0
OTU12	140	0	2460	1428	2526	9155	113	729	1719	1570
OTU13	5880	0	49	103	74	495	9967	335	0	0
OTU14	493	0	1094	195	158	1223	11537	625	339	387
OTU15	4	0	899	2488	4923	228	8	608	1969	4473
OTU16	332	0	885	192	450	1053	973	1030	88	9841
OTU17	3030	0	497	2437	1446	2613	2152	869	295	1022
OTU18	0	0	0	0	0	116	12226	426	0	0
OTU19	0	0	0	9499	5	0	2756	0	0	128
OTU20	0	0	12346	0	24	3	0	0	0	0
OTU21	792	0	808	3042	2135	1167	547	391	403	2835
OTU22	0	0	49	2892	1598	0	0	0	3244	3990
OTU23	0	0	0	1491	0	1	163	0	6990	2948
OTU24	3251	0	6499	664	832	34	189	35	4	0
OTU25	0	0	3042	2104	1587	15	2	0	1997	2508
OTU26	0	0	0	0	1774	9468	0	0	0	0
OTU27	9276	0	41	0	0	0	768	0	0	0
OTU28	0	0	9384	0	0	0	0	0	0	0
OTU29	0	0	1034	1907	5792	191	0	0	100	84
OTU30	0	0	0	25	568	0	3805	0	709	3909
OTU31	0	0	0	0	5093	0	0	0	3512	0
OTU32	0	0	0	3887	2824	0	0	0	1020	714
OTU33	2639	0	1356	816	742	359	1076	624	500	83
OTU34	0	0	528	450	627	69	12	1148	1314	3407
OTU35	228	0	498	83	1794	1580	244	101	287	2600
OTU36	0	0	7345	0	0	0	0	0	0	0
OTU37	0	0	0	75	1110	0	0	0	2422	3693
OTU38	2419	0	142	276	1397	186	254	165	750	874
OTU39	466	0	2021	881	687	1616	108	47	247	289
OTU40	41	0	23	0	25	242	222	33	5661	63
OTU41	430	0	90	52	102	739	4616	24	66	96
OTU42	0	0	139	1765	219	5	75	0	274	3599
OTU43	0	0	0	2281	353	0	0	176	363	2572
OTU44	0	0	0	430	3540	0	0	65	477	776
OTU45	0	0	0	0	5006	0	0	212	0	0
OTU46	0	0	2736	0	0	0	0	0	2365	6
OTU47	0	0	0	1300	3378	6	0	0	36	0
OTU48	2551	0	136	0	0	1224	741	67	0	0
OTU49	368	0	198	1069	2547	0	289	0	235	0
OTU50	324	0	1538	1215	656	478	91	5	173	35
OTU51	304	0	430	1403	207	22	486	295	1232	135
OTU52	0	0	0	0	0	0	0	0	0	4510
OTU53	1408	0	0	0	0	0	2471	414	87	2
OTU54	467	0	471	249	205	1469	1126	291	40	11
OTU55	4091	0	4	0	0	6	223	0	0	0
OTU56	127	0	811	9	2	370	411	1023	0	1521
OTU57	0	0	0	1034	0	0	0	0	0	3018
OTU58	0	0	0	0	0	4002	0	0	0	0
OTU59	0	0	0	1183	0	0	0	0	0	2666
OTU60	1196	0	0	0	64	0	0	2242	204	0
OTU61	3	0	1248	0	0	2251	0	0	0	0
OTU62	2474	0	0	0	0	1023	1	0	0	0
OTU63	0	0	0	441	1060	0	0	63	274	1536
OTU64	884	0	100	493	315	56	853	68	68	496
OTU65	444	0	141	1055	803	13	55	154	608	23
OTU66	0	0	8	18	652	7	0	17	32	2561
OTU67	29	0	637	829	384	695	35	39	198	357
OTU68	233	0	107	0	72	1380	1089	56	95	11
OTU69	0	0	0	2965	4	16	0	0	15	0
OTU70	0	0	0	0	2165	0	0	0	417	397
OTU71	0	0	0	0	1109	0	0	0	1850	0
OTU72	379	0	1102	6	0	1448	0	0	0	0
OTU73	1754	0	0	0	0	0	2	1163	0	0
OTU74	0	0	0	1071	9	0	0	0	2	1816
OTU75	2	0	23	112	24	11	335	10	0	2288
OTU76	9	0	0	15	0	0	2723	0	28	9
OTU77	0	0	31	367	154	397	25	59	7	1726
OTU78	597	0	59	405	680	114	152	262	457	0
OTU79	0	0	4	32	427	0	0	0	1939	286
OTU80	0	0	39	1380	239	101	773	5	146	5
OTU81	2	0	13	0	0	2499	0	0	0	86
OTU82	603	0	144	116	24	498	866	178	88	44
OTU83	0	0	13	466	1392	2	0	0	330	278
OTU84	0	0	46	29	71	0	2	6	626	1664
OTU85	609	0	176	26	5	1306	253	0	51	3
OTU86	1299	0	25	0	11	679	194	137	0	0
OTU87	0	0	0	41	1917	3	0	0	270	0
OTU88	0	0	0	98	684	0	0	0	366	1040
OTU89	110	0	5	25	41	111	1766	82	35	0
OTU90	548	0	472	22	73	726	270	0	18	35
OTU91	122	0	100	57	50	138	1554	25	47	10
OTU92	1533	0	0	0	512	0	1	0	0	0
OTU93	1008	0	22	0	23	115	216	371	278	0
OTU94	939	0	0	0	0	25	1003	5	0	0
OTU95	729	0	309	0	77	681	10	0	50	60
OTU96	0	0	0	0	1578	0	0	0	277	0
OTU97	1021	0	8	24	0	122	450	11	0	207
OTU98	89	0	378	774	210	0	107	94	71	73
OTU99	0	0	0	0	0	1771	0	0	0	0
OTU100	1736	0	0	0	0	0	7	11	0	0
OTU101	0	0	0	657	0	0	0	0	2	1029
OTU102	0	0	0	17	0	0	0	325	0	1326
OTU103	468	0	250	6	0	573	231	40	5	53
OTU104	1546	0	9	0	0	0	13	0	0	4
OTU105	43	0	1119	16	0	222	41	6	0	101
OTU106	53	0	0	79	1113	185	1	0	11	45
OTU107	167	0	820	0	0	203	222	0	56	0
OTU108	347	1	183	116	0	256	41	404	16	91
OTU109	0	0	0	45	11	0	0	0	139	1243
OTU110	65	0	2	0	242	0	1008	87	0	17
OTU111	0	0	76	0	0	1299	0	0	5	9
OTU112	587	0	54	104	115	117	102	28	215	15
OTU113	0	0	329	0	0	993	0	0	0	0
OTU114	250	0	28	0	10	208	704	8	100	6
OTU115	0	0	0	704	594	0	0	0	0	10
OTU116	461	0	0	0	0	47	689	67	0	0
OTU117	4	0	65	136	80	44	51	0	86	788
OTU118	0	0	776	40	90	143	16	64	3	119
OTU119	1250	0	0	0	0	0	0	0	0	0
OTU120	10	0	742	58	92	297	1	0	1	46
OTU121	621	0	266	0	0	221	41	37	48	0
OTU122	589	1	486	17	4	100	3	0	0	13
OTU123	0	0	381	571	0	1	0	98	8	154
OTU124	0	0	0	1204	0	0	0	0	0	0
OTU125	1082	0	0	0	0	0	22	10	54	24
OTU126	147	0	8	0	0	22	849	153	6	0
OTU127	0	0	311	37	56	401	0	0	269	110
OTU128	98	0	5	197	136	19	123	9	144	444
OTU129	0	0	0	70	26	0	0	5	0	1071
OTU130	27	0	115	118	546	153	28	2	82	78
OTU131	937	0	0	192	0	0	17	0	0	0
OTU132	362	0	107	38	87	263	168	43	22	43
OTU133	62	0	31	33	69	189	213	0	6	477
OTU134	14	0	23	120	74	302	410	0	126	0
OTU135	66	0	65	82	24	620	91	14	5	87
OTU136	0	0	56	0	0	0	5	0	15	976
OTU137	0	0	0	0	0	0	0	0	1033	0
OTU138	119	0	473	52	27	107	50	0	0	196
OTU139	387	0	8	164	5	188	163	10	7	88
OTU140	578	0	0	0	67	0	243	20	53	33
OTU141	351	0	127	4	63	91	176	117	7	30
OTU142	432	0	7	32	15	59	349	48	20	2
OTU143	0	0	0	153	73	192	0	0	320	215
OTU144	0	0	0	905	42	0	0	0	0	0
OTU145	0	0	892	12	0	0	0	0	0	34
OTU146	0	0	0	609	21	0	0	0	0	300
OTU147	0	0	0	667	0	0	0	0	0	248
OTU148	0	0	0	7	32	0	392	380	100	4
OTU149	241	0	96	67	39	143	79	95	79	63
OTU150	0	0	1	0	0	0	0	0	897	0
OTU151	3	0	165	42	2	343	31	47	34	225
OTU152	0	0	0	0	0	0	0	0	0	886
OTU153	0	0	0	0	0	0	0	0	0	875
OTU154	0	0	0	0	0	870	0	0	0	0
OTU155	14	0	131	107	18	71	23	12	9	456
OTU156	0	0	0	150	0	85	345	259	0	0
OTU157	0	0	0	304	0	0	0	0	0	526
OTU158	0	0	338	9	3	0	0	53	17	410
OTU159	0	0	310	0	0	492	0	0	0	0
OTU160	138	0	2	26	4	222	221	127	17	43
OTU161	8	0	0	70	23	0	418	195	65	0
OTU162	558	0	0	0	13	0	121	37	46	0
OTU163	0	0	0	276	227	0	5	0	7	258
OTU164	3	0	0	0	542	31	1	0	185	0
OTU165	0	0	301	405	5	0	0	0	1	36
OTU166	9	0	0	32	0	0	13	0	78	608
OTU167	5	0	688	17	5	18	2	0	4	0
OTU168	0	0	0	0	0	0	0	735	0	0
OTU169	0	0	0	0	0	718	0	0	0	0
OTU170	75	0	0	0	0	0	0	592	0	51
OTU171	0	0	439	4	0	117	33	0	124	0
OTU172	0	0	640	0	0	68	0	0	0	0
OTU173	0	0	0	0	695	0	0	0	0	0
OTU174	0	0	0	683	12	0	0	0	0	0
OTU175	12	0	25	111	229	64	13	24	12	204
OTU176	0	0	102	0	0	582	0	0	0	0
OTU177	0	0	0	182	0	0	0	0	498	0
OTU178	0	0	0	0	638	0	0	0	37	0
OTU179	0	0	0	10	354	0	0	0	292	13
OTU180	109	0	13	36	53	28	200	0	221	9
OTU181	582	0	3	0	2	9	48	0	15	0
OTU182	0	0	0	0	0	655	4	0	0	0
OTU183	0	0	93	75	56	49	33	9	0	332
OTU184	0	0	76	72	7	32	0	0	457	1
OTU185	0	0	0	0	0	0	0	0	639	2
OTU186	0	0	137	196	15	2	1	0	2	268
OTU187	27	0	90	173	5	0	20	0	283	19
OTU188	0	0	0	0	612	0	0	0	1	0
OTU189	10	0	11	0	18	41	181	308	35	0
OTU190	0	0	0	0	0	0	0	602	0	0
OTU191	0	0	0	0	2	0	22	0	0	570
OTU192	0	0	338	0	0	256	0	0	0	0
OTU193	316	0	0	31	19	3	204	0	5	15
OTU194	0	0	304	13	197	0	0	0	37	42
OTU195	0	0	3	0	0	587	0	0	0	0
OTU196	381	0	0	0	0	0	65	0	144	0
OTU197	0	0	0	0	0	0	0	0	0	585
OTU198	98	0	19	58	27	233	69	30	27	24
OTU199	2	0	233	0	7	301	0	27	0	0
OTU200	0	0	0	0	0	341	226	0	0	0
OTU201	0	0	183	249	0	0	0	103	0	30
OTU202	0	0	310	36	0	15	9	0	18	177
OTU203	0	0	0	16	544	0	0	0	0	0
OTU204	0	0	0	0	0	0	0	555	0	0
OTU205	0	0	2	74	222	249	0	0	0	0
OTU206	0	0	0	2	0	47	490	0	0	0
OTU207	121	0	67	50	10	139	44	47	46	13
OTU208	0	0	173	0	0	355	0	0	0	0
OTU209	0	0	113	30	2	367	0	1	0	13
OTU210	6	0	28	0	11	178	267	6	22	6
OTU211	0	0	497	1	0	11	0	0	0	0
OTU212	0	0	0	0	39	1	4	0	458	5
OTU213	0	0	295	0	0	208	0	0	0	0
OTU214	0	0	272	0	0	228	0	0	0	0
OTU215	15	0	4	165	110	28	0	20	151	0
OTU216	0	0	0	492	0	0	0	0	0	0
OTU217	148	0	94	52	34	27	45	67	21	3
OTU218	0	0	477	0	0	0	0	0	0	0
OTU219	0	0	0	0	0	0	0	0	0	474
OTU220	200	0	1	0	0	3	261	8	0	0
OTU221	0	0	0	0	27	0	441	0	4	0
OTU222	0	0	4	14	336	1	0	2	107	7
OTU223	0	0	0	250	129	0	0	0	2	86
OTU224	0	0	0	0	0	0	0	463	0	0
OTU225	8	0	0	10	0	0	0	13	427	0
OTU226	33	0	0	0	0	0	395	30	0	0
OTU227	0	0	0	0	48	0	0	0	256	153
OTU228	0	0	0	0	0	0	457	0	0	0
OTU229	0	0	1	0	0	82	0	0	0	373
OTU230	12	0	42	20	30	253	6	0	38	55
OTU231	78	0	78	19	3	79	52	1	126	13
OTU232	13	0	25	37	0	179	116	0	0	78
OTU233	0	0	129	0	0	316	2	0	0	0
OTU234	0	0	266	0	0	176	0	0	0	0
OTU235	0	0	0	332	8	0	0	0	12	85
OTU236	0	0	401	0	0	15	0	0	0	7
OTU237	0	0	0	12	179	0	0	0	2	228
OTU238	2	0	0	0	26	3	386	0	0	0
OTU239	60	0	356	0	0	0	0	0	0	0
OTU240	0	0	0	195	4	0	0	0	114	102
OTU241	7	0	3	0	0	10	1	390	0	0
OTU242	0	0	0	0	0	410	0	0	0	0
OTU243	0	0	0	0	0	410	0	0	0	0
OTU244	0	0	0	0	2	0	0	0	0	407
OTU245	81	0	272	0	1	14	14	0	25	2
OTU246	0	0	407	0	0	0	0	0	0	0
OTU247	32	0	0	118	0	0	209	45	0	0
OTU248	0	0	0	0	0	402	0	0	0	0
OTU249	0	0	2	0	102	295	0	0	0	0
OTU250	0	0	397	0	0	1	0	0	0	0
OTU251	62	0	151	0	0	97	2	61	0	18
OTU252	19	0	0	204	13	85	10	37	0	18
OTU253	1	0	352	0	0	0	6	0	25	0
OTU254	0	0	0	0	31	0	7	0	339	6
OTU255	33	0	162	30	32	61	54	0	4	7
OTU256	0	0	0	0	0	0	0	382	0	0
OTU257	19	0	0	15	21	0	70	0	253	3
OTU258	0	0	0	0	0	376	3	0	0	0
OTU259	27	0	28	5	1	33	39	0	234	10
OTU260	10	0	34	80	5	149	19	43	27	10
OTU261	19	0	1	0	0	325	1	31	0	0
OTU262	0	0	0	0	0	0	0	376	0	0
OTU263	0	0	1	0	0	374	0	0	0	0
OTU264	0	0	0	0	309	0	0	0	61	0
OTU265	0	0	9	46	168	0	0	0	80	67
OTU266	0	0	240	51	0	1	0	0	0	77
OTU267	0	0	11	0	0	349	0	0	0	0
OTU268	0	0	0	0	0	359	0	0	0	0
OTU269	5	0	50	29	13	106	42	42	0	71
OTU270	0	0	0	0	0	0	0	356	0	0
OTU271	0	0	183	0	0	172	0	0	0	0
OTU272	0	0	354	0	0	0	0	0	0	0
OTU273	2	0	0	0	12	210	15	0	115	0
OTU274	0	0	2	0	0	0	0	0	0	351
OTU275	0	0	0	14	212	2	0	0	110	13
OTU276	0	0	0	0	0	0	0	348	0	0
OTU277	30	0	0	82	18	2	131	0	7	74
OTU278	0	0	15	51	43	2	3	0	42	187
OTU279	0	0	0	0	0	1	0	0	0	341
OTU280	19	0	27	0	3	13	50	0	217	12
OTU281	0	0	0	0	0	0	0	0	6	333
OTU282	0	0	0	0	0	0	0	1	33	305
OTU283	0	0	159	95	13	11	0	0	0	60
OTU284	12	0	6	42	20	21	16	0	209	9
OTU285	1	0	31	0	13	225	0	0	8	57
OTU286	141	0	41	0	108	0	37	7	0	0
OTU287	26	0	91	0	0	47	2	29	0	138
OTU288	284	0	24	0	0	12	12	0	0	0
OTU289	31	0	141	0	0	56	104	0	0	0
OTU290	0	0	0	313	0	12	0	0	0	6
OTU291	206	0	1	9	1	28	76	9	0	0
OTU292	0	0	0	0	0	0	0	0	197	132
OTU293	0	0	118	165	5	0	0	0	39	0
OTU294	0	0	0	11	4	0	0	0	308	0
OTU295	0	0	6	0	0	0	0	0	316	0
OTU296	0	0	314	0	0	0	0	0	0	0
OTU297	160	0	2	0	0	3	99	50	0	0
OTU298	5	0	0	0	281	0	0	0	0	27
OTU299	300	0	0	12	0	0	1	0	0	0
OTU300	57	0	0	0	0	49	203	0	4	0
OTU301	0	0	0	28	14	1	6	9	5	248
OTU302	0	0	85	65	37	30	0	0	0	93
OTU303	14	0	2	0	35	84	103	13	48	11
OTU304	4	0	63	0	0	215	0	0	0	25
OTU305	0	0	0	39	268	0	0	0	0	0
OTU306	12	0	159	8	0	90	33	5	0	0
OTU307	33	0	5	99	0	1	0	0	0	166
OTU308	293	0	0	0	0	5	6	0	0	0
OTU309	20	0	15	13	3	140	4	18	91	0
OTU310	0	0	0	175	72	0	0	0	42	14
OTU311	0	0	0	0	0	0	0	303	0	0
OTU312	0	0	6	0	0	34	250	12	1	0
OTU313	5	0	5	15	2	54	55	0	0	167
OTU314	0	0	262	0	0	40	0	0	0	0
OTU315	0	0	0	0	0	2	0	299	0	0
OTU316	48	0	5	24	40	142	31	0	10	0
OTU317	0	0	0	0	0	298	0	0	0	0
OTU318	10	0	271	0	0	9	5	0	0	0
OTU319	0	0	192	0	2	98	0	0	0	0
OTU320	86	0	26	56	8	21	28	8	9	50
OTU321	0	0	30	87	7	5	0	0	163	0
OTU322	0	0	276	0	0	15	0	0	0	0
OTU323	0	0	192	12	9	0	0	0	0	78
OTU324	27	0	31	26	20	82	35	23	4	38
OTU325	0	0	109	0	0	176	0	0	0	0
OTU326	2	0	0	0	0	1	252	1	0	29
OTU327	18	0	0	85	180	0	0	0	0	0
OTU328	0	0	85	18	166	7	0	0	5	0
OTU329	0	0	0	0	0	278	0	0	0	0
OTU330	0	0	155	35	0	59	0	28	0	0
OTU331	0	0	0	259	6	0	0	0	5	0
OTU332	14	0	43	24	23	45	9	0	59	53
OTU333	0	0	270	0	0	0	0	0	0	0
OTU334	18	0	3	2	65	30	2	18	125	5
OTU335	0	0	0	0	0	268	0	0	0	0
OTU336	0	0	0	0	182	0	0	0	23	62
OTU337	3	0	11	112	71	56	1	8	5	0
OTU338	0	0	0	0	0	0	0	254	0	11
OTU339	25	0	5	46	93	33	17	0	33	13
OTU340	250	0	0	0	0	0	15	0	0	0
OTU341	0	0	0	0	0	264	0	0	0	0
OTU342	10	0	71	43	0	2	99	0	0	38
OTU343	0	0	0	0	0	0	0	0	0	260
OTU344	4	0	45	0	0	209	0	0	0	0
OTU345	0	0	0	156	96	0	0	0	0	2
OTU346	0	0	16	85	7	142	1	0	0	3
OTU347	0	0	0	82	86	4	0	0	3	79
OTU348	7	0	0	0	0	242	0	2	0	0
OTU349	0	0	146	0	0	101	0	0	0	0
OTU350	2	0	6	0	0	223	0	0	0	13
OTU351	22	0	1	0	0	5	213	0	0	0
OTU352	0	0	44	0	0	195	0	0	0	0
OTU353	0	0	0	0	0	235	0	0	0	0
OTU354	0	0	0	0	0	234	1	0	0	0
OTU355	0	0	0	0	0	0	0	234	0	0
OTU356	0	0	190	6	0	22	10	0	0	5
OTU357	29	0	0	26	62	1	68	46	0	0
OTU358	10	0	2	0	0	147	73	0	0	0
OTU359	6	0	37	29	19	10	15	0	8	107
OTU360	46	0	0	0	0	108	27	17	29	3
OTU361	0	0	169	0	0	60	0	0	0	0
OTU362	0	0	75	0	0	98	40	15	0	0
OTU363	0	0	0	58	11	0	0	0	1	158
OTU364	14	0	0	62	3	3	0	0	145	0
OTU365	0	0	4	0	0	221	1	0	0	0
OTU366	33	0	108	4	0	60	20	0	0	0
OTU367	3	0	0	43	4	0	34	132	7	0
OTU368	0	0	0	0	0	213	0	0	10	0
OTU369	22	0	0	0	0	126	9	64	0	0
OTU370	3	0	0	0	0	157	43	18	0	0
OTU371	0	0	0	20	74	0	0	0	5	121
OTU372	0	0	0	0	0	220	0	0	0	0
OTU373	3	0	149	0	0	67	1	0	0	0
OTU374	0	0	215	0	0	0	0	0	0	0
OTU375	0	0	0	94	118	0	0	0	0	0
OTU376	207	0	0	0	0	0	1	0	0	0
OTU377	0	0	18	16	22	109	16	12	2	13
OTU378	3	0	0	0	5	0	153	13	1	32
OTU379	5	0	68	30	13	4	2	19	16	50
OTU380	0	0	0	21	11	0	0	0	68	107
OTU381	1	0	185	0	0	20	0	0	0	0
OTU382	9	0	6	0	2	17	104	32	3	33
OTU383	0	0	42	15	26	0	0	7	36	80
OTU384	0	0	0	13	6	0	3	0	184	0
OTU385	116	0	0	0	0	0	28	0	55	7
OTU386	0	0	0	204	0	0	0	0	0	0
OTU387	0	0	0	0	0	204	0	0	0	0
OTU388	168	0	3	0	0	9	24	0	0	0
OTU389	0	0	4	0	0	191	0	0	7	1
OTU390	0	0	0	145	0	0	0	0	58	0
OTU391	0	0	0	0	0	185	0	0	17	0
OTU392	1	0	1	0	111	0	2	0	87	0
OTU393	0	0	0	31	0	0	0	0	0	171
OTU394	42	0	0	14	1	0	8	0	136	0
OTU395	0	0	121	45	10	0	2	0	0	22
OTU396	1	0	0	0	0	7	0	0	0	191
OTU397	27	0	20	13	0	116	8	0	14	0
OTU398	2	0	3	46	0	88	6	5	48	0
OTU399	197	0	0	0	0	0	0	0	0	0
OTU400	9	0	0	44	30	18	89	0	0	6
OTU401	0	0	9	11	0	34	41	0	99	0
OTU402	108	0	0	0	0	3	83	0	0	0
OTU403	0	0	178	0	0	10	5	0	0	0
OTU404	148	0	0	0	0	0	0	45	0	0
OTU405	116	0	0	0	0	18	57	0	0	0
OTU406	0	0	77	0	0	114	0	0	0	0
OTU407	0	0	0	0	0	2	1	0	0	187
OTU408	8	0	0	0	0	0	1	38	0	143
OTU409	3	0	3	0	4	122	1	0	8	48
OTU410	71	0	8	5	24	0	13	0	46	20
OTU411	22	0	48	3	5	26	22	37	0	23
OTU412	0	0	0	59	46	0	20	60	0	0
OTU413	2	0	12	0	113	0	3	0	52	2
OTU414	0	0	80	0	0	0	0	0	104	0
OTU415	0	0	0	0	0	184	0	0	0	0
OTU416	0	0	0	0	0	183	0	0	0	0
OTU417	2	0	17	61	9	19	9	9	0	57
OTU418	0	0	25	0	0	157	0	0	0	0
OTU419	153	0	0	0	0	0	29	0	0	0
OTU420	0	0	0	0	13	0	0	0	168	0
OTU421	0	0	13	75	9	11	4	16	4	47
OTU422	0	0	4	3	0	0	0	0	0	172
OTU423	0	0	0	4	0	0	0	3	2	169
OTU424	0	0	0	51	58	0	60	0	8	0
OTU425	108	0	0	0	4	0	21	43	0	0
OTU426	0	0	5	89	16	6	1	0	0	58
OTU427	0	0	0	25	118	0	0	0	6	26
OTU428	16	0	73	10	7	66	0	0	0	0
OTU429	0	0	128	0	0	41	0	0	0	0
OTU430	2	0	12	0	1	20	13	71	0	50
OTU431	0	0	17	0	0	31	0	0	120	0
OTU432	0	0	0	0	0	0	0	168	0	0
OTU433	39	0	16	43	21	13	9	3	23	0
OTU434	0	0	0	0	0	166	0	0	0	0
OTU435	1	0	115	0	0	30	20	0	0	0
OTU436	45	0	4	12	24	9	5	3	59	5
OTU437	0	0	158	0	0	6	0	0	0	0
OTU438	13	0	56	89	5	0	1	0	0	0
OTU439	39	0	0	14	65	0	9	11	24	0
OTU440	0	0	0	156	0	0	0	0	6	0
OTU441	0	0	5	17	10	0	0	0	74	56
OTU442	59	0	14	0	18	3	50	0	16	0
OTU443	0	0	0	0	90	1	3	32	13	21
OTU444	0	0	83	0	41	0	0	0	0	36
OTU445	9	0	1	0	104	26	20	0	0	0
OTU446	0	0	0	0	159	0	0	0	0	0
OTU447	0	0	0	159	0	0	0	0	0	0
OTU448	0	0	0	0	147	0	0	0	12	0
OTU449	0	0	0	6	128	0	0	0	24	0
OTU450	0	0	130	0	0	0	0	28	0	0
OTU451	0	0	81	0	0	77	0	0	0	0
OTU452	52	0	7	1	49	6	23	0	15	3
OTU453	57	0	0	0	0	78	3	0	0	16
OTU454	119	0	0	0	0	12	23	0	0	0
OTU455	0	0	0	0	0	0	0	0	0	153
OTU456	22	0	6	0	0	113	10	2	0	0
OTU457	1	0	2	136	0	14	0	0	0	0
OTU458	1	0	0	0	0	0	0	152	0	0
OTU459	0	0	0	0	8	0	0	0	126	17
OTU460	32	0	19	0	0	70	23	0	7	0
OTU461	0	0	5	0	0	0	143	0	0	0
OTU462	0	0	0	0	0	0	147	0	0	1
OTU463	5	0	0	0	0	32	110	0	0	0
OTU464	4	0	1	8	0	1	11	96	17	8
OTU465	46	0	10	8	6	53	0	4	1	18
OTU466	87	0	1	0	0	2	55	0	0	0
OTU467	0	0	0	138	0	0	0	0	5	2
OTU468	0	0	144	0	0	0	0	0	0	0
OTU469	3	0	0	5	0	105	29	1	0	0
OTU470	0	0	0	0	0	0	0	143	0	0
OTU471	29	0	75	9	10	0	0	13	0	6
OTU472	0	0	0	0	0	142	0	0	0	0
OTU473	0	0	0	142	0	0	0	0	0	0
OTU474	0	0	38	0	0	103	0	0	0	0
OTU475	0	0	0	0	0	0	0	141	0	0
OTU476	0	0	1	0	0	140	0	0	0	0
OTU477	0	0	78	0	0	63	0	0	0	0
OTU478	0	0	0	99	41	0	0	0	0	0
OTU479	0	0	0	0	0	0	0	0	0	140
OTU480	9	0	0	1	1	120	3	0	4	2
OTU481	0	0	1	0	0	1	1	0	136	0
OTU482	0	0	31	0	0	107	0	0	0	0
OTU483	0	0	85	0	0	51	0	0	0	0
OTU484	25	0	24	0	0	63	24	0	0	0
OTU485	0	0	0	0	104	0	0	0	31	0
OTU486	0	0	0	89	6	0	0	21	17	0
OTU487	109	0	0	9	0	0	0	0	15	0
OTU488	0	0	35	12	11	0	1	0	0	73
OTU489	0	0	13	71	0	0	0	0	0	48
OTU490	0	0	0	12	0	0	0	0	0	120
OTU491	0	0	0	88	44	0	0	0	0	0
OTU492	0	0	61	0	0	20	1	49	0	0
OTU493	0	0	0	0	76	0	0	0	40	15
OTU494	0	0	110	0	0	21	0	0	0	0
OTU495	0	0	0	76	3	0	0	0	0	52
OTU496	36	0	7	0	0	58	26	0	3	0
OTU497	0	0	0	15	115	0	0	0	0	0
OTU498	0	0	0	44	3	0	0	66	0	17
OTU499	129	0	0	0	0	0	0	0	0	0
OTU500	0	0	0	0	0	0	0	129	0	0
OTU501	4	0	0	0	0	1	0	123	1	0
OTU502	27	0	0	6	10	0	79	0	0	7
OTU503	0	0	0	0	0	0	0	128	0	0
OTU504	0	0	0	0	0	0	0	0	128	0
OTU505	4	0	20	4	0	45	49	0	6	0
OTU506	128	0	0	0	0	0	0	0	0	0
OTU507	3	0	0	121	0	0	3	0	0	0
OTU508	9	0	5	0	0	4	21	0	7	81
OTU509	0	0	0	0	125	0	0	0	1	0
OTU510	0	0	0	110	0	0	0	16	0	0
OTU511	0	0	0	83	20	0	0	0	22	0
OTU512	15	0	0	7	82	0	11	0	10	0
OTU513	0	0	114	0	10	0	0	0	0	0
OTU514	0	0	0	0	0	0	0	123	0	0
OTU515	0	0	0	0	0	0	0	123	0	0
OTU516	0	0	0	0	0	122	0	0	0	0
OTU517	0	0	84	38	0	0	0	0	0	0
OTU518	0	0	0	0	0	0	3	0	103	16
OTU519	0	0	0	45	0	0	0	0	0	76
OTU520	0	0	0	0	0	114	6	0	0	0
OTU521	0	0	1	112	0	5	0	0	0	0
OTU522	0	0	15	18	3	0	0	0	13	69
OTU523	0	0	0	0	14	0	0	0	6	98
OTU524	0	0	0	0	0	0	0	0	0	118
OTU525	0	0	8	0	0	32	0	0	78	0
OTU526	59	0	19	0	0	17	22	0	0	0
OTU527	0	0	0	0	0	0	1	0	88	27
OTU528	68	0	14	0	6	6	18	0	3	0
OTU529	0	0	115	0	0	0	0	0	0	0
OTU530	0	0	0	10	0	0	89	0	16	0
OTU531	0	0	2	0	65	0	1	0	0	47
OTU532	0	0	0	0	0	0	69	4	3	39
OTU533	9	0	11	0	4	22	20	0	47	0
OTU534	2	0	0	0	0	38	73	0	0	0
OTU535	2	0	0	0	35	28	48	0	0	0
OTU536	81	0	32	0	0	0	0	0	0	0
OTU537	23	0	27	0	0	18	32	8	0	5
OTU538	43	0	0	0	0	0	24	45	0	0
OTU539	0	0	0	0	0	0	13	99	0	0
OTU540	0	0	0	0	0	99	0	0	12	0
OTU541	0	0	20	0	0	91	0	0	0	0
OTU542	0	0	0	0	0	0	0	111	0	0
OTU543	0	0	0	0	14	0	62	0	29	5
OTU544	0	0	0	0	110	0	0	0	0	0
OTU545	0	0	0	0	0	0	0	110	0	0
OTU546	0	0	0	0	0	1	0	108	0	0
OTU547	0	0	0	82	0	1	0	21	0	5
OTU548	109	0	0	0	0	0	0	0	0	0
OTU549	87	0	0	0	0	0	22	0	0	0
OTU550	0	0	13	46	41	3	0	0	5	0
OTU551	0	0	6	0	0	0	0	0	101	0
OTU552	0	0	0	35	39	0	0	0	3	30
OTU553	61	0	2	0	8	16	3	1	12	4
OTU554	0	0	9	40	15	2	1	0	16	23
OTU555	3	0	0	0	0	0	13	86	0	4
OTU556	0	0	0	0	0	106	0	0	0	0
OTU557	0	0	15	0	0	91	0	0	0	0
OTU558	26	0	13	0	0	36	26	4	0	0
OTU559	0	0	0	54	14	0	0	31	0	6
OTU560	0	0	56	0	0	17	31	0	0	0
OTU561	0	0	104	0	0	0	0	0	0	0
OTU562	0	0	0	52	23	0	0	0	1	28
OTU563	21	0	30	12	34	4	0	0	2	0
OTU564	30	0	57	0	0	0	15	0	0	0
OTU565	0	0	77	0	0	18	7	0	0	0
OTU566	0	0	0	0	0	0	0	95	6	0
OTU567	1	0	0	92	3	5	0	0	0	0
OTU568	0	0	0	57	42	2	0	0	0	0
OTU569	0	0	0	34	0	0	0	0	67	0
OTU570	21	0	2	0	0	2	47	0	29	0
OTU571	0	0	6	0	0	95	0	0	0	0
OTU572	0	0	0	0	5	0	0	0	95	0
OTU573	59	0	1	1	0	17	14	0	0	8
OTU574	6	0	1	22	15	3	16	0	37	0
OTU575	0	0	0	0	0	100	0	0	0	0
OTU576	0	0	8	0	0	2	89	0	0	0
OTU577	0	0	0	0	0	0	0	99	0	0
OTU578	4	0	0	0	28	0	23	0	43	0
OTU579	23	0	2	0	10	3	23	18	7	12
OTU580	0	0	16	0	2	23	24	9	9	15
OTU581	73	0	0	0	1	10	2	0	5	7
OTU582	14	0	0	47	0	4	7	7	0	18
OTU583	0	0	0	0	0	97	0	0	0	0
OTU584	1	0	0	13	1	0	12	21	0	49
OTU585	0	0	0	0	0	0	97	0	0	0
OTU586	0	0	15	0	0	0	81	0	0	0
OTU587	0	0	0	0	0	0	0	0	96	0
OTU588	20	0	26	0	0	23	15	0	0	12
OTU589	0	0	20	0	0	0	0	76	0	0
OTU590	0	0	0	95	0	0	0	0	0	0
OTU591	0	0	0	0	86	0	0	0	2	7
OTU592	17	0	20	0	0	30	3	0	0	25
OTU593	0	0	0	0	0	0	0	0	0	95
OTU594	46	0	2	0	0	6	26	0	14	0
OTU595	11	0	0	0	0	0	12	0	71	0
OTU596	0	0	16	0	0	66	0	0	0	11
OTU597	0	0	20	10	0	0	0	63	0	0
OTU598	0	0	0	84	9	0	0	0	0	0
OTU599	0	0	0	0	0	93	0	0	0	0
OTU600	4	0	9	25	2	11	10	9	7	16
OTU601	13	0	17	0	0	7	31	10	14	0
OTU602	19	0	29	0	0	6	0	35	0	3
OTU603	0	0	0	0	0	0	0	0	92	0
OTU604	0	0	0	0	0	46	6	40	0	0
OTU605	27	0	0	15	23	0	0	27	0	0
OTU606	0	0	92	0	0	0	0	0	0	0
OTU607	0	0	0	0	5	0	1	0	86	0
OTU608	0	0	33	49	0	0	0	10	0	0
OTU609	70	0	0	0	0	9	12	0	0	0
OTU610	0	0	0	0	0	0	0	0	0	91
OTU611	0	0	4	0	0	82	0	0	0	5
OTU612	0	0	80	0	0	11	0	0	0	0
OTU613	0	0	0	0	0	0	0	90	0	0
OTU614	0	0	0	0	0	90	0	0	0	0
OTU615	1	0	1	0	0	3	0	0	85	0
OTU616	3	0	0	0	4	0	83	0	0	0
OTU617	0	0	0	0	3	38	31	0	0	18
OTU618	11	0	10	0	8	20	12	6	18	5
OTU619	26	0	3	0	0	17	43	0	0	0
OTU620	0	0	0	0	0	89	0	0	0	0
OTU621	3	0	2	0	0	70	2	0	0	12
OTU622	0	0	0	0	0	0	24	65	0	0
OTU623	0	0	0	0	88	0	0	0	0	0
OTU624	14	0	5	1	0	62	5	0	0	1
OTU625	0	0	0	0	0	0	0	88	0	0
OTU626	17	0	56	0	0	15	0	0	0	0
OTU627	0	0	0	0	1	0	0	63	19	5
OTU628	12	0	7	2	5	14	7	5	19	16
OTU629	0	0	1	0	86	0	0	0	0	0
OTU630	0	0	54	1	0	2	0	21	0	9
OTU631	43	0	0	0	0	0	0	0	0	44
OTU632	17	0	9	17	7	11	6	0	17	2
OTU633	0	0	0	17	0	2	4	10	9	44
OTU634	46	0	0	0	0	0	40	0	0	0
OTU635	86	0	0	0	0	0	0	0	0	0
OTU636	0	0	38	0	33	1	13	0	0	0
OTU637	3	0	62	0	0	9	0	0	11	0
OTU638	7	0	4	5	8	3	5	0	0	53
OTU639	23	0	26	0	2	0	18	0	10	6
OTU640	0	0	0	0	0	51	32	1	0	0
OTU641	0	0	0	0	78	0	0	0	6	0
OTU642	0	0	0	46	3	0	0	0	5	30
OTU643	0	0	80	0	0	3	0	0	0	0
OTU644	1	0	0	0	0	82	0	0	0	0
OTU645	65	0	1	0	0	0	0	1	16	0
OTU646	0	0	21	0	0	62	0	0	0	0
OTU647	0	0	35	34	3	1	0	4	0	6
OTU648	0	0	0	0	0	83	0	0	0	0
OTU649	0	0	0	0	0	82	0	0	0	0
OTU650	0	0	0	0	0	63	0	0	2	17
OTU651	2	0	4	6	0	67	3	0	0	0
OTU652	13	0	8	10	0	24	13	14	0	0
OTU653	0	0	0	41	21	7	0	0	12	0
OTU654	11	0	9	8	0	28	25	0	0	0
OTU655	13	0	10	7	5	9	12	0	10	14
OTU656	0	0	0	0	0	0	0	80	0	0
OTU657	70	0	0	0	0	10	0	0	0	0
OTU658	31	0	0	0	0	3	45	1	0	0
OTU659	0	0	0	0	3	0	0	0	26	51
OTU660	79	0	0	0	0	0	0	0	0	0
OTU661	0	0	31	21	2	0	0	0	0	25
OTU662	0	0	20	24	6	0	0	0	8	21
OTU663	41	0	0	0	0	0	38	0	0	0
OTU664	0	0	79	0	0	0	0	0	0	0
OTU665	0	0	7	0	0	7	0	0	52	13
OTU666	0	0	0	0	0	0	0	0	0	79
OTU667	0	0	0	0	0	0	0	0	0	78
OTU668	78	0	0	0	0	0	0	0	0	0
OTU669	6	0	0	22	12	0	9	0	18	10
OTU670	47	0	8	0	0	22	0	0	0	0
OTU671	6	0	0	0	0	55	3	0	13	0
OTU672	14	0	7	37	4	0	0	0	15	0
OTU673	4	0	23	23	0	3	16	0	7	0
OTU674	2	0	0	0	0	0	51	0	0	23
OTU675	0	0	0	0	0	0	0	0	69	7
OTU676	0	0	0	0	0	75	0	0	0	0
OTU677	0	0	0	0	0	75	0	0	0	0
OTU678	0	0	66	0	0	9	0	0	0	0
OTU679	0	0	0	0	0	0	0	0	0	75
OTU680	0	0	47	0	0	26	1	0	0	0
OTU681	18	0	3	6	0	18	29	0	0	0
OTU682	0	0	0	0	72	0	0	0	2	0
OTU683	3	0	2	37	3	18	9	0	2	0
OTU684	0	0	0	10	0	1	0	0	0	62
OTU685	0	0	5	68	0	0	0	0	0	0
OTU686	0	0	0	0	55	0	0	18	0	0
OTU687	0	0	0	35	38	0	0	0	0	0
OTU688	11	0	14	0	0	4	4	22	9	9
OTU689	0	0	26	15	9	0	0	2	5	16
OTU690	72	0	0	0	0	0	0	0	0	0
OTU691	1	0	3	0	2	66	0	0	0	0
OTU692	0	0	0	0	0	0	2	0	70	0
OTU693	0	0	67	0	0	1	4	0	0	0
OTU694	44	0	12	0	2	0	0	6	7	0
OTU695	0	0	0	0	0	0	0	0	0	71
OTU696	0	0	0	6	0	0	4	61	0	0
OTU697	0	0	0	0	0	0	0	71	0	0
OTU698	18	0	1	0	0	2	28	0	0	22
OTU699	0	0	0	29	0	0	0	0	0	41
OTU700	38	0	2	0	0	3	6	8	13	0
OTU701	0	0	0	0	0	70	0	0	0	0
OTU702	52	0	0	0	0	0	18	0	0	0
OTU703	0	0	0	0	0	70	0	0	0	0
OTU704	7	0	0	0	26	0	6	0	30	0
OTU705	0	0	54	0	0	15	0	0	0	0
OTU706	0	0	0	0	0	0	0	69	0	0
OTU707	0	0	0	0	33	0	3	33	0	0
OTU708	0	0	0	38	20	8	3	0	0	0
OTU709	20	0	8	0	4	18	19	0	0	0
OTU710	0	0	0	0	2	19	7	40	0	0
OTU711	0	0	0	0	0	0	0	68	0	0
OTU712	17	0	0	0	14	0	28	0	9	0
OTU713	0	0	2	19	15	6	0	0	0	26
OTU714	33	0	0	0	0	0	6	0	28	0
OTU715	0	0	0	0	47	0	0	0	20	0
OTU716	0	0	0	0	67	0	0	0	0	0
OTU717	0	0	0	0	0	0	0	67	0	0
OTU718	0	0	0	0	67	0	0	0	0	0
OTU719	60	0	0	0	0	0	0	0	0	6
OTU720	0	0	7	0	0	0	0	0	6	53
OTU721	20	0	25	0	0	14	4	3	0	0
OTU722	0	0	21	0	0	45	0	0	0	0
OTU723	0	0	0	0	0	0	0	65	0	0
OTU724	0	0	0	0	0	65	0	0	0	0
OTU725	0	0	0	13	15	0	0	0	37	0
OTU726	0	0	53	0	0	3	0	0	0	9
OTU727	0	0	0	0	6	0	0	0	59	0
OTU728	0	0	2	0	0	62	1	0	0	0
OTU729	0	0	0	0	65	0	0	0	0	0
OTU730	0	0	11	0	0	0	0	0	0	53
OTU731	13	0	12	12	0	23	4	0	0	0
OTU732	6	0	8	29	4	7	7	0	3	0
OTU733	62	0	0	0	0	0	2	0	0	0
OTU734	0	0	0	0	0	0	0	0	63	0
OTU735	0	0	50	0	0	13	0	0	0	0
OTU736	3	0	3	14	4	19	10	10	0	0
OTU737	3	0	2	0	3	29	1	5	3	16
OTU738	0	0	0	0	0	0	62	0	0	0
OTU739	59	0	0	0	0	0	3	0	0	0
OTU740	5	0	0	0	0	0	14	43	0	0
OTU741	1	0	11	0	0	8	20	22	0	0
OTU742	0	0	0	0	0	61	0	0	0	0
OTU743	0	0	0	0	8	0	0	0	42	11
OTU744	0	0	0	0	0	61	0	0	0	0
OTU745	0	0	0	0	0	0	0	0	0	61
OTU746	0	0	8	0	0	0	0	0	53	0
OTU747	19	0	0	0	2	0	19	0	12	9
OTU748	0	0	42	0	0	18	0	0	0	0
OTU749	0	0	0	0	0	60	0	0	0	0
OTU750	18	0	0	0	0	0	42	0	0	0
OTU751	14	0	0	0	0	24	9	13	0	0
OTU752	0	0	0	0	0	0	0	60	0	0
OTU753	0	0	39	2	0	0	0	0	10	9
OTU754	0	0	1	14	36	0	7	0	2	0
OTU755	0	0	0	0	0	0	0	0	0	60
OTU756	0	0	0	0	0	60	0	0	0	0
OTU757	0	0	0	0	42	0	0	0	17	0
OTU758	0	0	0	0	0	59	0	0	0	0
OTU759	4	0	21	0	3	23	4	0	0	4
OTU760	0	0	0	59	0	0	0	0	0	0
OTU761	0	0	0	2	0	0	0	0	0	57
OTU762	0	0	24	0	0	5	4	0	13	12
OTU763	0	0	0	0	0	0	0	0	58	0
OTU764	0	0	0	0	0	58	0	0	0	0
OTU765	0	0	0	0	0	58	0	0	0	0
OTU766	5	0	0	13	0	0	24	0	0	16
OTU767	0	0	0	20	0	0	1	0	37	0
OTU768	3	0	6	2	0	35	1	11	0	0
OTU769	2	0	0	0	0	0	56	0	0	0
OTU770	10	0	0	0	0	2	18	17	0	10
OTU771	0	0	0	0	0	0	0	0	44	13
OTU772	0	0	0	0	0	55	2	0	0	0
OTU773	0	0	56	0	1	0	0	0	0	0
OTU774	0	0	0	0	0	0	0	0	0	57
OTU775	0	0	2	6	0	38	11	0	0	0
OTU776	45	0	1	0	6	3	1	0	0	0
OTU777	0	0	1	0	0	3	36	0	5	11
OTU778	1	0	1	0	0	28	18	0	0	8
OTU779	10	0	5	0	2	14	25	0	0	0
OTU780	0	0	0	0	0	0	6	50	0	0
OTU781	10	0	0	37	7	0	0	0	0	2
OTU782	23	0	0	0	2	0	14	0	14	2
OTU783	9	0	8	7	2	13	8	3	3	2
OTU784	8	0	10	0	0	2	4	0	0	31
OTU785	0	0	3	50	0	0	2	0	0	0
OTU786	0	0	1	0	9	3	1	0	9	32
OTU787	0	0	1	0	0	51	3	0	0	0
OTU788	0	0	0	0	43	0	0	0	0	12
OTU789	0	0	0	0	0	55	0	0	0	0
OTU790	0	0	14	0	0	41	0	0	0	0
OTU791	34	0	0	19	0	0	1	0	0	0
OTU792	10	0	1	13	0	1	8	0	0	21
OTU793	0	0	0	0	0	0	54	0	0	0
OTU794	0	0	0	54	0	0	0	0	0	0
OTU795	15	0	1	2	3	19	8	2	4	0
OTU796	0	0	8	0	0	46	0	0	0	0
OTU797	0	0	0	0	2	28	3	0	21	0
OTU798	0	0	10	0	0	44	0	0	0	0
OTU799	0	0	0	0	19	0	0	0	35	0
OTU800	0	0	0	53	0	0	0	0	0	0
OTU801	1	0	0	0	3	14	9	15	0	11
OTU802	1	0	0	29	0	2	0	21	0	0
OTU803	2	0	11	0	0	4	18	0	0	18
OTU804	2	0	0	0	0	32	4	0	0	15
OTU805	0	0	0	0	0	47	6	0	0	0
OTU806	4	3	0	25	0	0	0	0	5	15
OTU807	0	0	0	0	0	0	52	0	0	0
OTU808	0	0	1	5	2	42	2	0	0	0
OTU809	0	0	10	0	0	0	13	0	5	24
OTU810	24	0	2	0	0	21	5	0	0	0
OTU811	52	0	0	0	0	0	0	0	0	0
OTU812	0	0	13	0	0	39	0	0	0	0
OTU813	0	0	46	0	0	6	0	0	0	0
OTU814	0	0	0	0	42	0	0	0	9	0
OTU815	20	0	7	10	1	5	0	0	8	0
OTU816	38	0	13	0	0	0	0	0	0	0
OTU817	0	0	0	28	6	2	5	10	0	0
OTU818	0	0	0	0	0	46	2	0	3	0
OTU819	0	0	0	0	0	0	0	0	51	0
OTU820	0	0	0	0	0	48	0	0	3	0
OTU821	1	0	49	0	0	0	1	0	0	0
OTU822	8	0	19	0	0	19	5	0	0	0
OTU823	0	0	0	0	0	1	0	7	2	41
OTU824	0	0	27	0	0	18	0	5	0	0
OTU825	0	0	0	1	8	0	0	0	0	41
OTU826	0	0	0	0	0	0	0	0	50	0
OTU827	0	0	0	0	0	0	0	50	0	0
OTU828	0	0	0	50	0	0	0	0	0	0
OTU829	4	0	0	0	0	0	42	0	2	1
OTU830	0	0	0	26	3	0	0	0	0	20
OTU831	6	0	3	0	0	9	2	17	12	0
OTU832	0	0	1	44	0	0	0	0	4	0
OTU833	0	0	0	29	1	0	0	0	0	19
OTU834	0	0	0	0	0	0	49	0	0	0
OTU835	0	0	0	0	0	0	0	49	0	0
OTU836	1	0	0	41	0	0	0	0	0	7
OTU837	2	0	0	0	0	0	46	0	0	0
OTU838	0	0	0	6	0	0	0	42	0	0
OTU839	0	0	11	10	7	14	3	0	1	2
OTU840	0	0	0	13	0	1	0	0	0	34
OTU841	0	0	0	0	0	48	0	0	0	0
OTU842	0	0	22	0	0	26	0	0	0	0
OTU843	0	0	0	0	0	0	0	47	0	0
OTU844	0	0	0	0	1	26	0	20	0	0
OTU845	9	0	0	0	14	1	17	6	0	0
OTU846	0	0	0	0	0	47	0	0	0	0
OTU847	0	0	0	0	0	0	0	0	47	0
OTU848	5	0	1	0	22	0	5	0	14	0
OTU849	0	0	0	40	0	0	0	0	0	7
OTU850	0	0	46	0	0	0	0	0	0	0
OTU851	0	0	0	42	0	0	0	4	0	0
OTU852	2	0	0	0	0	39	5	0	0	0
OTU853	3	0	20	0	0	21	2	0	0	0
OTU854	0	0	10	0	0	27	9	0	0	0
OTU855	1	0	0	0	0	45	0	0	0	0
OTU856	8	0	0	0	12	0	0	0	8	18
OTU857	0	0	0	45	0	0	0	0	0	0
OTU858	0	0	20	0	0	25	0	0	0	0
OTU859	1	0	0	0	0	2	17	3	0	22
OTU860	14	0	2	0	0	28	1	0	0	0
OTU861	20	0	7	12	5	0	1	0	0	0
OTU862	0	0	0	0	45	0	0	0	0	0
OTU863	13	0	5	0	0	15	12	0	0	0
OTU864	0	0	1	0	0	44	0	0	0	0
OTU865	0	0	0	0	0	45	0	0	0	0
OTU866	3	0	1	0	5	0	13	0	5	18
OTU867	0	0	0	0	0	0	45	0	0	0
OTU868	0	0	45	0	0	0	0	0	0	0
OTU869	0	0	6	0	0	39	0	0	0	0
OTU870	43	0	0	0	0	0	2	0	0	0
OTU871	0	0	0	0	45	0	0	0	0	0
OTU872	0	0	24	0	0	18	0	0	2	0
OTU873	0	0	20	0	8	10	2	0	4	0
OTU874	0	0	15	0	0	29	0	0	0	0
OTU875	0	0	0	0	0	0	3	0	41	0
OTU876	0	0	0	0	36	0	0	0	8	0
OTU877	0	0	2	16	7	11	8	0	0	0
OTU878	0	0	0	0	4	0	0	0	39	0
OTU879	0	0	17	0	0	20	0	0	6	0
OTU880	43	0	0	0	0	0	0	0	0	0
OTU881	23	0	6	0	0	4	3	0	7	0
OTU882	9	0	9	0	1	14	7	0	3	0
OTU883	0	0	0	0	0	43	0	0	0	0
OTU884	0	0	2	39	0	2	0	0	0	0
OTU885	0	0	18	0	5	18	0	0	2	0
OTU886	0	0	0	0	0	0	0	43	0	0
OTU887	0	0	0	5	0	38	0	0	0	0
OTU888	0	0	6	29	1	0	3	0	4	0
OTU889	27	0	7	0	4	0	5	0	0	0
OTU890	0	0	3	35	5	0	0	0	0	0
OTU891	0	0	0	42	0	0	0	0	0	0
OTU892	0	0	0	0	0	42	0	0	0	0
OTU893	0	0	0	0	0	0	0	0	4	38
OTU894	32	0	0	7	0	0	3	0	0	0
OTU895	0	0	42	0	0	0	0	0	0	0
OTU896	9	0	8	0	0	21	4	0	0	0
OTU897	0	0	0	9	1	29	0	0	3	0
OTU898	0	0	7	11	7	5	0	0	3	9
OTU899	31	0	5	0	1	2	3	0	0	0
OTU900	0	0	0	0	0	38	0	0	4	0
OTU901	0	0	0	0	0	0	42	0	0	0
OTU902	0	0	0	0	0	42	0	0	0	0
OTU903	27	0	6	0	0	5	2	0	0	2
OTU904	1	0	0	0	0	2	11	0	0	27
OTU905	0	0	0	0	34	4	3	0	0	0
OTU906	35	0	1	0	0	5	0	0	0	0
OTU907	4	0	0	8	0	0	3	0	26	0
OTU908	16	0	5	2	1	4	11	0	2	0
OTU909	2	0	0	0	0	0	0	0	39	0
OTU910	6	0	0	10	3	0	2	0	0	20
OTU911	0	0	0	0	0	41	0	0	0	0
OTU912	0	0	0	0	2	35	4	0	0	0
OTU913	0	0	0	0	0	41	0	0	0	0
OTU914	15	0	0	0	0	0	2	24	0	0
OTU915	0	0	0	22	10	0	0	0	9	0
OTU916	0	0	0	0	0	40	1	0	0	0
OTU917	13	0	15	0	0	4	5	0	4	0
OTU918	0	0	0	17	5	0	0	5	2	12
OTU919	0	0	0	4	36	0	0	0	0	0
OTU920	21	0	0	0	0	13	4	2	0	0
OTU921	0	0	6	0	0	34	0	0	0	0
OTU922	0	0	7	0	0	0	33	0	0	0
OTU923	0	0	0	0	0	0	0	0	0	40
OTU924	0	0	0	0	0	0	0	40	0	0
OTU925	6	0	2	5	13	0	0	0	0	14
OTU926	4	0	0	0	12	0	24	0	0	0
OTU927	2	0	1	0	7	8	2	0	16	4
OTU928	40	0	0	0	0	0	0	0	0	0
OTU929	0	0	40	0	0	0	0	0	0	0
OTU930	7	0	0	0	0	0	33	0	0	0
OTU931	4	0	35	0	0	1	0	0	0	0
OTU932	17	0	4	0	2	3	7	0	0	7
OTU933	4	0	1	0	0	8	11	15	0	0
OTU934	1	0	0	0	0	38	0	0	0	0
OTU935	0	0	3	11	10	0	0	3	0	12
OTU936	0	0	0	0	39	0	0	0	0	0
OTU937	2	0	4	0	0	32	1	0	0	0
OTU938	0	0	8	6	0	0	1	0	0	24
OTU939	0	0	2	22	0	0	0	0	0	15
OTU940	1	0	0	0	4	1	0	0	15	18
OTU941	0	0	3	5	0	2	5	0	17	7
OTU942	0	0	0	15	0	0	0	0	0	24
OTU943	15	0	7	0	3	1	5	1	7	0
OTU944	0	0	0	0	0	0	2	0	0	37
OTU945	4	0	0	0	0	0	6	0	29	0
OTU946	10	0	0	0	0	27	1	0	0	0
OTU947	0	0	0	0	0	0	0	38	0	0
OTU948	2	0	6	0	4	6	3	0	0	17
OTU949	4	0	0	0	0	0	6	0	28	0
OTU950	7	0	0	9	13	2	0	0	5	2
OTU951	0	0	0	0	0	0	0	0	38	0
OTU952	0	0	38	0	0	0	0	0	0	0
OTU953	0	0	0	0	0	38	0	0	0	0
OTU954	0	0	0	0	0	0	0	7	0	31
OTU955	22	0	1	2	7	1	1	0	2	2
OTU956	23	0	0	0	0	1	14	0	0	0
OTU957	0	0	0	0	0	0	0	0	0	38
OTU958	2	0	1	0	0	1	2	0	32	0
OTU959	0	0	0	0	0	0	0	37	0	0
OTU960	0	0	0	13	8	0	2	10	4	0
OTU961	0	0	0	0	0	0	0	0	0	37
OTU962	0	0	0	0	0	0	0	37	0	0
OTU963	0	0	37	0	0	0	0	0	0	0
OTU964	0	0	0	5	4	0	0	0	0	28
OTU965	0	0	0	37	0	0	0	0	0	0
OTU966	0	0	14	0	0	23	0	0	0	0
OTU967	0	0	0	0	0	37	0	0	0	0
OTU968	1	0	0	1	0	9	5	4	0	17
OTU969	9	0	8	0	9	0	11	0	0	0
OTU970	36	0	0	0	0	0	0	0	0	0
OTU971	0	0	36	0	0	0	0	0	0	0
OTU972	1	0	0	0	0	0	2	0	0	33
OTU973	8	0	0	0	0	6	22	0	0	0
OTU974	2	0	4	22	0	3	0	0	0	5
OTU975	0	0	34	0	0	2	0	0	0	0
OTU976	0	0	0	0	36	0	0	0	0	0
OTU977	0	0	14	0	0	5	9	0	7	0
OTU978	0	0	15	0	4	11	2	0	3	0
OTU979	0	0	6	0	0	6	0	23	0	0
OTU980	22	0	7	0	0	1	5	0	0	0
OTU981	2	0	0	0	0	14	17	0	0	2
OTU982	0	0	1	0	0	34	0	0	0	0
OTU983	0	0	15	0	0	20	0	0	0	0
OTU984	0	0	0	0	0	0	0	0	0	35
OTU985	0	0	1	0	21	5	0	0	8	0
OTU986	4	0	1	0	0	14	16	0	0	0
OTU987	18	0	0	0	0	10	6	0	0	0
OTU988	9	0	1	0	0	8	1	15	0	0
OTU989	0	0	0	11	0	0	0	23	0	0
OTU990	0	0	0	0	0	34	0	0	0	0
OTU991	0	0	32	0	0	2	0	0	0	0
OTU992	0	0	20	0	0	3	11	0	0	0
OTU993	0	0	22	0	0	10	2	0	0	0
OTU994	4	0	0	17	4	0	3	2	4	0
OTU995	22	0	0	12	0	0	0	0	0	0
OTU996	0	0	0	0	0	0	0	0	0	34
OTU997	0	0	0	16	18	0	0	0	0	0
OTU998	2	0	5	0	0	0	0	27	0	0
OTU999	0	0	0	11	22	0	0	0	0	0
OTU1000	0	0	0	0	0	1	0	0	32	0
OTU1001	0	0	0	3	9	0	0	0	21	0
OTU1002	0	0	0	23	0	0	6	0	4	0
OTU1003	11	0	0	18	2	0	2	0	0	0
OTU1004	0	0	0	33	0	0	0	0	0	0
OTU1005	0	0	0	0	16	0	0	0	17	0
OTU1006	0	0	0	0	0	0	0	0	33	0
OTU1007	20	0	2	0	0	8	3	0	0	0
OTU1008	3	0	0	0	0	27	3	0	0	0
OTU1009	0	0	0	0	0	0	0	33	0	0
OTU1010	7	0	6	0	0	20	0	0	0	0
OTU1011	16	0	0	0	0	5	12	0	0	0
OTU1012	0	0	0	33	0	0	0	0	0	0
OTU1013	5	0	0	0	0	0	17	0	0	11
OTU1014	0	0	0	0	0	33	0	0	0	0
OTU1015	18	0	0	0	0	5	5	0	5	0
OTU1016	0	0	33	0	0	0	0	0	0	0
OTU1017	0	0	23	0	0	9	0	0	0	0
OTU1018	3	0	0	0	0	17	8	0	4	0
OTU1019	0	0	2	0	0	22	8	0	0	0
OTU1020	0	0	0	9	0	5	0	0	0	18
OTU1021	0	0	0	32	0	0	0	0	0	0
OTU1022	0	0	0	0	0	0	0	0	32	0
OTU1023	31	0	0	0	0	0	1	0	0	0
OTU1024	0	0	6	0	0	25	0	0	0	1
OTU1025	0	0	0	0	31	1	0	0	0	0
OTU1026	0	0	0	0	0	32	0	0	0	0
OTU1027	0	0	0	0	0	0	0	0	0	32
OTU1028	2	0	0	0	0	0	0	0	30	0
OTU1029	0	0	0	22	4	0	0	4	2	0
OTU1030	0	0	0	0	17	0	0	0	15	0
OTU1031	0	0	0	32	0	0	0	0	0	0
OTU1032	1	0	12	0	11	6	2	0	0	0
OTU1033	0	0	32	0	0	0	0	0	0	0
OTU1034	0	0	3	0	0	29	0	0	0	0
OTU1035	5	0	0	0	5	19	0	0	2	0
OTU1036	4	0	2	0	0	1	0	0	24	0
OTU1037	0	0	27	0	0	4	0	0	0	0
OTU1038	17	0	3	0	0	10	1	0	0	0
OTU1039	2	0	2	9	0	13	2	0	0	3
OTU1040	0	0	0	0	0	31	0	0	0	0
OTU1041	0	0	3	0	0	23	0	0	0	5
OTU1042	0	0	0	0	0	0	0	31	0	0
OTU1043	5	0	16	0	0	9	1	0	0	0
OTU1044	31	0	0	0	0	0	0	0	0	0
OTU1045	0	0	20	0	2	7	0	0	0	2
OTU1046	8	0	0	0	0	14	3	0	3	3
OTU1047	0	0	0	0	0	31	0	0	0	0
OTU1048	0	0	0	0	0	0	0	31	0	0
OTU1049	0	0	15	0	0	16	0	0	0	0
OTU1050	18	0	0	0	0	7	6	0	0	0
OTU1051	30	0	0	0	0	0	1	0	0	0
OTU1052	4	0	0	8	0	14	3	0	2	0
OTU1053	0	0	0	0	0	0	29	0	2	0
OTU1054	1	0	4	0	2	1	2	0	21	0
OTU1055	0	0	0	0	0	0	0	30	0	0
OTU1056	2	0	6	2	0	19	1	0	0	0
OTU1057	0	0	0	0	0	0	0	30	0	0
OTU1058	0	0	30	0	0	0	0	0	0	0
OTU1059	0	0	2	0	6	0	0	0	8	14
OTU1060	0	0	0	30	0	0	0	0	0	0
OTU1061	0	0	0	0	0	0	0	30	0	0
OTU1062	6	0	0	0	0	0	0	12	0	12
OTU1063	0	0	23	7	0	0	0	0	0	0
OTU1064	0	0	30	0	0	0	0	0	0	0
OTU1065	15	0	0	0	0	2	7	0	6	0
OTU1066	0	0	0	0	0	0	0	30	0	0
OTU1067	0	0	0	1	0	0	0	28	0	0
OTU1068	0	0	4	0	0	24	1	0	0	0
OTU1069	0	0	0	0	17	0	0	0	12	0
OTU1070	0	0	5	0	0	24	0	0	0	0
OTU1071	7	0	0	0	0	5	5	10	2	0
OTU1072	25	0	0	0	0	4	0	0	0	0
OTU1073	0	0	0	0	0	5	3	0	21	0
OTU1074	2	0	0	0	2	0	9	11	2	3
OTU1075	0	0	1	0	0	0	0	0	0	28
OTU1076	8	0	0	0	0	3	0	0	0	18
OTU1077	3	0	8	0	0	16	2	0	0	0
OTU1078	1	0	0	0	3	0	0	25	0	0
OTU1079	8	0	0	0	0	0	21	0	0	0
OTU1080	13	0	0	0	0	0	16	0	0	0
OTU1081	0	0	0	0	4	19	6	0	0	0
OTU1082	0	0	26	0	0	3	0	0	0	0
OTU1083	0	0	17	0	0	0	1	0	0	11
OTU1084	13	0	1	0	0	2	13	0	0	0
OTU1085	5	0	0	0	0	0	3	9	11	0
OTU1086	0	0	0	0	0	28	0	0	0	0
OTU1087	0	0	0	0	0	0	0	28	0	0
OTU1088	0	0	1	0	0	0	0	0	0	27
OTU1089	3	0	0	0	0	18	7	0	0	0
OTU1090	0	0	0	3	0	0	0	0	0	25
OTU1091	0	0	10	0	0	2	0	16	0	0
OTU1092	0	0	0	0	0	0	20	0	8	0
OTU1093	0	0	0	28	0	0	0	0	0	0
OTU1094	0	0	10	0	0	18	0	0	0	0
OTU1095	1	0	8	0	0	3	0	0	16	0
OTU1096	0	0	27	0	0	1	0	0	0	0
OTU1097	0	0	26	0	0	0	2	0	0	0
OTU1098	0	0	0	0	0	28	0	0	0	0
OTU1099	3	0	2	18	0	1	4	0	0	0
OTU1100	0	0	0	0	0	0	0	0	28	0
OTU1101	0	0	0	0	0	0	3	0	25	0
OTU1102	0	0	21	0	0	7	0	0	0	0
OTU1103	0	0	0	0	0	18	0	0	5	5
OTU1104	0	0	0	0	0	28	0	0	0	0
OTU1105	11	0	3	1	0	8	5	0	0	0
OTU1106	0	0	0	13	1	5	2	0	7	0
OTU1107	0	0	0	0	6	0	0	0	0	22
OTU1108	0	0	0	9	12	0	0	0	0	6
OTU1109	0	0	0	27	0	0	0	0	0	0
OTU1110	0	0	0	27	0	0	0	0	0	0
OTU1111	6	0	0	0	0	0	0	21	0	0
OTU1112	3	0	0	0	0	4	20	0	0	0
OTU1113	0	0	0	0	0	0	27	0	0	0
OTU1114	0	0	0	0	0	0	27	0	0	0
OTU1115	12	0	2	0	0	12	1	0	0	0
OTU1116	0	0	0	0	0	4	0	23	0	0
OTU1117	0	0	2	0	6	11	0	0	8	0
OTU1118	14	0	2	0	0	2	4	5	0	0
OTU1119	0	0	14	0	0	0	13	0	0	0
OTU1120	0	0	0	0	0	16	5	0	1	5
OTU1121	0	0	0	0	0	27	0	0	0	0
OTU1122	1	0	3	0	6	7	0	1	6	3
OTU1123	21	0	0	0	0	4	2	0	0	0
OTU1124	17	0	0	0	0	0	10	0	0	0
OTU1125	0	0	0	0	0	0	0	27	0	0
OTU1126	0	0	0	0	0	0	0	0	0	27
OTU1127	11	0	0	0	0	0	16	0	0	0
OTU1128	0	0	0	0	0	27	0	0	0	0
OTU1129	15	0	0	0	1	3	5	0	3	0
OTU1130	0	0	0	2	0	0	0	0	24	0
OTU1131	0	0	0	0	0	0	0	0	0	26
OTU1132	0	0	0	0	0	0	0	0	26	0
OTU1133	11	0	0	0	0	0	8	0	0	7
OTU1134	0	0	0	0	0	0	26	0	0	0
OTU1135	11	0	0	15	0	0	0	0	0	0
OTU1136	0	0	0	0	0	26	0	0	0	0
OTU1137	0	0	0	0	0	0	0	4	0	22
OTU1138	26	0	0	0	0	0	0	0	0	0
OTU1139	0	0	0	0	0	0	26	0	0	0
OTU1140	0	0	23	0	0	3	0	0	0	0
OTU1141	0	0	0	0	0	0	9	17	0	0
OTU1142	5	0	3	0	0	9	9	0	0	0
OTU1143	17	0	1	0	0	8	0	0	0	0
OTU1144	8	0	0	0	0	0	18	0	0	0
OTU1145	3	0	2	0	0	11	2	5	0	3
OTU1146	6	0	0	0	0	4	3	13	0	0
OTU1147	26	0	0	0	0	0	0	0	0	0
OTU1148	0	0	0	0	0	0	26	0	0	0
OTU1149	0	0	0	0	0	0	0	26	0	0
OTU1150	0	0	0	0	0	0	25	0	0	0
OTU1151	0	0	0	0	0	0	0	25	0	0
OTU1152	0	0	24	0	0	1	0	0	0	0
OTU1153	22	0	0	0	0	0	3	0	0	0
OTU1154	0	0	0	0	0	25	0	0	0	0
OTU1155	0	0	16	0	0	9	0	0	0	0
OTU1156	1	0	0	0	0	2	4	15	0	3
OTU1157	0	0	0	0	0	0	0	0	0	25
OTU1158	18	0	0	7	0	0	0	0	0	0
OTU1159	11	0	0	0	0	0	14	0	0	0
OTU1160	25	0	0	0	0	0	0	0	0	0
OTU1161	3	0	1	13	5	0	3	0	0	0
OTU1162	0	0	3	0	0	22	0	0	0	0
OTU1163	9	0	4	5	0	3	1	0	3	0
OTU1164	0	0	0	0	0	3	22	0	0	0
OTU1165	0	0	0	0	0	2	14	9	0	0
OTU1166	0	0	0	0	1	22	0	0	2	0
OTU1167	3	0	0	0	0	0	22	0	0	0
OTU1168	7	0	0	0	0	0	18	0	0	0
OTU1169	0	0	3	0	0	12	0	0	10	0
OTU1170	0	0	0	0	0	0	0	25	0	0
OTU1171	3	0	2	0	4	0	2	14	0	0
OTU1172	2	0	4	0	0	8	7	0	0	4
OTU1173	0	0	0	0	0	24	0	0	0	0
OTU1174	19	0	0	0	0	0	2	0	3	0
OTU1175	0	0	0	0	0	24	0	0	0	0
OTU1176	17	0	0	0	0	0	6	0	1	0
OTU1177	0	0	0	24	0	0	0	0	0	0
OTU1178	1	0	0	2	21	0	0	0	0	0
OTU1179	2	0	1	0	0	0	0	0	21	0
OTU1180	15	0	0	0	0	0	2	7	0	0
OTU1181	0	0	0	0	0	24	0	0	0	0
OTU1182	0	0	0	0	4	0	0	0	20	0
OTU1183	0	0	0	0	0	0	1	0	0	23
OTU1184	0	0	0	0	0	24	0	0	0	0
OTU1185	0	0	7	0	0	17	0	0	0	0
OTU1186	0	0	0	0	24	0	0	0	0	0
OTU1187	0	0	0	0	0	0	0	0	0	24
OTU1188	9	0	8	0	0	2	5	0	0	0
OTU1189	0	0	18	0	0	5	1	0	0	0
OTU1190	5	0	0	0	0	0	4	0	15	0
OTU1191	24	0	0	0	0	0	0	0	0	0
OTU1192	20	0	0	0	0	4	0	0	0	0
OTU1193	2	0	8	0	14	0	0	0	0	0
OTU1194	0	0	0	0	0	2	4	18	0	0
OTU1195	0	0	0	24	0	0	0	0	0	0
OTU1196	3	0	21	0	0	0	0	0	0	0
OTU1197	0	0	0	24	0	0	0	0	0	0
OTU1198	0	0	0	13	3	0	0	0	0	8
OTU1199	0	0	5	0	13	0	0	0	0	6
OTU1200	0	0	0	0	0	0	0	24	0	0
OTU1201	0	0	0	0	0	0	9	15	0	0
OTU1202	0	0	3	0	0	21	0	0	0	0
OTU1203	4	0	5	0	3	12	0	0	0	0
OTU1204	0	0	0	5	15	0	0	0	0	4
OTU1205	6	0	0	0	0	17	0	0	0	0
OTU1206	0	0	0	23	0	0	0	0	0	0
OTU1207	17	0	0	0	0	2	4	0	0	0
OTU1208	5	0	0	0	1	1	0	0	15	1
OTU1209	3	0	0	0	0	0	17	0	3	0
OTU1210	0	0	3	0	0	5	0	0	0	15
OTU1211	0	0	0	0	23	0	0	0	0	0
OTU1212	5	0	14	0	0	4	0	0	0	0
OTU1213	0	0	0	0	0	0	0	23	0	0
OTU1214	4	0	0	0	0	0	0	19	0	0
OTU1215	0	0	0	0	0	23	0	0	0	0
OTU1216	7	0	5	0	1	0	7	0	3	0
OTU1217	0	0	0	15	2	0	0	0	6	0
OTU1218	4	0	4	0	4	1	10	0	0	0
OTU1219	0	0	0	0	0	0	0	23	0	0
OTU1220	5	0	1	0	1	5	1	0	10	0
OTU1221	0	0	0	8	4	1	0	0	10	0
OTU1222	9	0	5	0	0	4	2	0	3	0
OTU1223	13	0	0	2	0	0	1	0	7	0
OTU1224	0	0	3	0	0	0	0	0	20	0
OTU1225	0	0	0	0	3	0	0	0	0	20
OTU1226	0	0	0	0	23	0	0	0	0	0
OTU1227	0	0	0	0	23	0	0	0	0	0
OTU1228	22	0	0	0	0	0	1	0	0	0
OTU1229	4	0	0	0	0	15	2	2	0	0
OTU1230	23	0	0	0	0	0	0	0	0	0
OTU1231	12	0	0	0	0	0	3	0	0	8
OTU1232	2	0	0	0	0	21	0	0	0	0
OTU1233	0	0	0	23	0	0	0	0	0	0
OTU1234	1	0	2	0	0	7	0	0	0	13
OTU1235	0	0	1	0	0	3	1	0	10	8
OTU1236	0	0	2	0	6	0	0	0	0	15
OTU1237	0	0	0	0	22	0	0	0	0	0
OTU1238	0	0	0	0	0	1	0	0	21	0
OTU1239	0	0	0	0	0	0	0	0	0	22
OTU1240	0	0	0	0	0	22	0	0	0	0
OTU1241	0	0	4	0	0	16	0	0	0	2
OTU1242	0	0	0	0	0	22	0	0	0	0
OTU1243	0	0	0	0	0	0	0	22	0	0
OTU1244	0	0	0	13	0	0	0	0	0	9
OTU1245	0	0	2	0	0	6	14	0	0	0
OTU1246	0	0	1	0	0	21	0	0	0	0
OTU1247	0	0	0	11	0	0	0	0	0	11
OTU1248	0	0	0	0	22	0	0	0	0	0
OTU1249	0	0	0	0	0	0	0	0	22	0
OTU1250	2	0	0	0	0	5	3	12	0	0
OTU1251	9	0	1	0	0	9	3	0	0	0
OTU1252	0	0	0	14	8	0	0	0	0	0
OTU1253	0	0	0	7	9	0	0	0	6	0
OTU1254	0	0	0	3	5	2	0	0	8	4
OTU1255	0	0	0	0	0	0	0	0	22	0
OTU1256	0	0	0	0	5	0	0	0	17	0
OTU1257	5	0	2	0	0	11	4	0	0	0
OTU1258	0	0	2	13	0	2	1	0	3	0
OTU1259	0	0	0	21	0	0	0	0	0	0
OTU1260	13	0	0	0	0	0	8	0	0	0
OTU1261	0	0	0	0	0	0	0	21	0	0
OTU1262	9	0	0	0	0	5	4	0	3	0
OTU1263	0	0	11	0	0	10	0	0	0	0
OTU1264	1	0	0	0	0	14	6	0	0	0
OTU1265	0	0	0	1	0	0	0	0	10	10
OTU1266	0	0	0	19	2	0	0	0	0	0
OTU1267	0	0	21	0	0	0	0	0	0	0
OTU1268	0	0	1	0	0	5	0	0	6	9
OTU1269	0	0	0	16	5	0	0	0	0	0
OTU1270	0	0	1	0	0	20	0	0	0	0
OTU1271	0	0	10	0	6	2	3	0	0	0
OTU1272	0	0	21	0	0	0	0	0	0	0
OTU1273	0	0	0	0	0	0	0	21	0	0
OTU1274	21	0	0	0	0	0	0	0	0	0
OTU1275	0	0	0	0	0	5	16	0	0	0
OTU1276	3	0	0	0	0	8	10	0	0	0
OTU1277	0	0	0	0	21	0	0	0	0	0
OTU1278	15	0	3	1	0	0	2	0	0	0
OTU1279	0	0	0	21	0	0	0	0	0	0
OTU1280	0	0	13	0	0	0	0	0	6	2
OTU1281	8	0	0	0	0	3	10	0	0	0
OTU1282	0	0	0	0	0	0	9	0	2	10
OTU1283	0	0	0	0	0	0	0	0	21	0
OTU1284	0	0	0	6	2	0	2	1	0	9
OTU1285	0	0	0	0	0	12	3	0	0	5
OTU1286	0	0	0	0	0	20	0	0	0	0
OTU1287	0	0	0	0	0	1	0	19	0	0
OTU1288	9	0	6	0	0	5	0	0	0	0
OTU1289	0	0	3	0	0	17	0	0	0	0
OTU1290	0	0	0	0	0	0	20	0	0	0
OTU1291	1	0	3	16	0	0	0	0	0	0
OTU1292	0	0	0	0	0	0	0	0	0	20
OTU1293	20	0	0	0	0	0	0	0	0	0
OTU1294	7	0	0	0	0	3	3	0	7	0
OTU1295	0	0	0	0	0	0	0	0	0	20
OTU1296	4	0	1	1	3	0	0	9	2	0
OTU1297	6	0	0	0	0	0	3	0	8	3
OTU1298	11	0	0	0	0	2	0	7	0	0
OTU1299	0	0	0	0	18	2	0	0	0	0
OTU1300	0	0	0	0	0	0	0	20	0	0
OTU1301	4	0	0	1	5	2	1	5	2	0
OTU1302	0	0	0	0	0	20	0	0	0	0
OTU1303	5	0	2	0	0	12	0	0	0	1
OTU1304	0	0	0	0	0	0	0	0	0	20
OTU1305	1	0	0	0	0	13	6	0	0	0
OTU1306	0	0	1	2	0	0	9	0	0	8
OTU1307	5	0	1	0	7	4	0	0	3	0
OTU1308	7	0	0	7	0	0	6	0	0	0
OTU1309	1	0	0	0	0	0	6	0	13	0
OTU1310	0	0	20	0	0	0	0	0	0	0
OTU1311	0	0	0	4	0	0	0	0	0	15
OTU1312	6	0	0	0	0	0	1	0	12	0
OTU1313	0	0	2	0	0	17	0	0	0	0
OTU1314	0	0	0	0	0	4	3	0	11	1
OTU1315	0	0	7	0	0	12	0	0	0	0
OTU1316	0	0	18	0	0	0	1	0	0	0
OTU1317	0	0	0	0	0	19	0	0	0	0
OTU1318	12	0	0	0	0	0	7	0	0	0
OTU1319	2	0	0	0	0	0	0	0	17	0
OTU1320	0	0	0	0	0	0	0	0	0	19
OTU1321	0	0	0	13	6	0	0	0	0	0
OTU1322	0	0	0	0	0	0	0	0	0	19
OTU1323	6	0	0	0	0	8	5	0	0	0
OTU1324	0	0	9	0	0	10	0	0	0	0
OTU1325	0	0	0	0	0	0	2	17	0	0
OTU1326	1	0	0	0	0	18	0	0	0	0
OTU1327	0	0	0	0	8	0	0	11	0	0
OTU1328	2	0	5	0	1	11	0	0	0	0
OTU1329	0	0	0	0	11	8	0	0	0	0
OTU1330	0	0	6	0	0	13	0	0	0	0
OTU1331	0	0	0	0	0	3	9	0	7	0
OTU1332	0	0	0	0	0	0	0	0	1	18
OTU1333	0	0	0	0	0	0	19	0	0	0
OTU1334	0	0	0	19	0	0	0	0	0	0
OTU1335	0	0	0	10	0	0	0	0	0	9
OTU1336	0	0	2	0	0	16	1	0	0	0
OTU1337	0	0	0	0	18	0	1	0	0	0
OTU1338	5	0	7	0	0	5	0	0	0	1
OTU1339	0	0	0	0	18	0	0	0	0	0
OTU1340	0	0	16	0	0	2	0	0	0	0
OTU1341	0	0	0	0	0	0	0	0	18	0
OTU1342	0	0	0	7	11	0	0	0	0	0
OTU1343	0	0	0	0	0	0	0	18	0	0
OTU1344	0	0	0	0	0	0	0	18	0	0
OTU1345	14	0	0	0	0	0	4	0	0	0
OTU1346	0	0	0	18	0	0	0	0	0	0
OTU1347	16	0	2	0	0	0	0	0	0	0
OTU1348	4	0	1	2	1	5	5	0	0	0
OTU1349	4	0	1	4	2	0	1	0	6	0
OTU1350	0	0	2	11	0	5	0	0	0	0
OTU1351	7	0	0	7	0	0	0	0	0	4
OTU1352	4	0	0	0	0	3	11	0	0	0
OTU1353	0	0	0	18	0	0	0	0	0	0
OTU1354	0	0	1	0	0	17	0	0	0	0
OTU1355	0	0	18	0	0	0	0	0	0	0
OTU1356	0	0	0	0	0	18	0	0	0	0
OTU1357	8	0	0	0	0	10	0	0	0	0
OTU1358	5	0	0	0	0	0	13	0	0	0
OTU1359	0	0	0	0	0	0	18	0	0	0
OTU1360	0	0	0	0	0	0	0	18	0	0
OTU1361	0	0	0	0	0	18	0	0	0	0
OTU1362	18	0	0	0	0	0	0	0	0	0
OTU1363	0	0	6	0	0	6	6	0	0	0
OTU1364	0	0	2	0	0	16	0	0	0	0
OTU1365	5	0	0	0	0	6	7	0	0	0
OTU1366	0	0	0	0	0	1	0	16	0	0
OTU1367	0	0	8	0	0	0	1	8	0	0
OTU1368	0	0	1	13	0	0	0	0	3	0
OTU1369	0	0	0	0	0	0	0	0	0	17
OTU1370	0	0	4	8	0	0	0	0	1	4
OTU1371	16	0	0	0	0	0	1	0	0	0
OTU1372	0	0	0	0	0	0	0	17	0	0
OTU1373	0	0	0	0	0	2	0	0	0	15
OTU1374	1	0	0	0	0	16	0	0	0	0
OTU1375	0	0	4	0	0	0	0	11	2	0
OTU1376	0	0	17	0	0	0	0	0	0	0
OTU1377	0	0	5	0	0	12	0	0	0	0
OTU1378	12	0	0	0	0	0	5	0	0	0
OTU1379	16	0	1	0	0	0	0	0	0	0
OTU1380	2	0	0	0	0	0	5	0	10	0
OTU1381	0	0	17	0	0	0	0	0	0	0
OTU1382	0	0	0	0	14	3	0	0	0	0
OTU1383	13	0	0	0	0	0	4	0	0	0
OTU1384	0	0	0	2	0	15	0	0	0	0
OTU1385	0	0	0	16	0	1	0	0	0	0
OTU1386	17	0	0	0	0	0	0	0	0	0
OTU1387	0	0	0	0	0	17	0	0	0	0
OTU1388	0	0	0	0	0	0	0	17	0	0
OTU1389	1	0	0	0	0	0	9	0	7	0
OTU1390	14	0	0	0	0	2	1	0	0	0
OTU1391	0	0	1	0	0	15	0	0	0	0
OTU1392	0	0	0	0	0	0	0	16	0	0
OTU1393	14	0	0	0	0	0	2	0	0	0
OTU1394	6	0	7	0	0	3	0	0	0	0
OTU1395	0	0	0	11	0	0	0	0	0	5
OTU1396	11	0	0	0	0	5	0	0	0	0
OTU1397	0	0	0	0	0	0	0	16	0	0
OTU1398	0	0	0	12	0	0	0	0	0	4
OTU1399	1	0	6	0	0	0	9	0	0	0
OTU1400	0	0	0	0	0	0	0	0	16	0
OTU1401	0	0	0	0	0	1	7	0	8	0
OTU1402	0	0	0	0	0	13	0	3	0	0
OTU1403	5	0	11	0	0	0	0	0	0	0
OTU1404	0	0	3	1	0	1	11	0	0	0
OTU1405	4	0	4	0	0	7	1	0	0	0
OTU1406	0	0	16	0	0	0	0	0	0	0
OTU1407	0	0	0	0	0	0	0	16	0	0
OTU1408	12	0	0	0	0	0	4	0	0	0
OTU1409	0	0	16	0	0	0	0	0	0	0
OTU1410	0	0	0	0	0	0	0	0	0	16
OTU1411	0	0	0	0	0	0	0	16	0	0
OTU1412	7	0	5	0	0	2	2	0	0	0
OTU1413	0	0	0	13	0	0	0	0	3	0
OTU1414	0	0	0	0	0	0	0	0	16	0
OTU1415	0	0	3	0	12	0	0	0	1	0
OTU1416	0	0	7	0	0	9	0	0	0	0
OTU1417	0	0	0	0	0	0	0	0	0	16
OTU1418	5	0	0	0	5	0	1	0	5	0
OTU1419	0	0	16	0	0	0	0	0	0	0
OTU1420	0	0	0	0	0	0	0	0	0	16
OTU1421	3	0	0	0	0	0	0	0	13	0
OTU1422	10	0	0	0	0	1	5	0	0	0
OTU1423	0	0	0	16	0	0	0	0	0	0
OTU1424	0	0	0	0	0	0	0	0	15	0
OTU1425	0	0	0	0	0	0	15	0	0	0
OTU1426	15	0	0	0	0	0	0	0	0	0
OTU1427	0	0	0	0	0	0	0	15	0	0
OTU1428	7	0	0	0	0	0	8	0	0	0
OTU1429	0	0	0	15	0	0	0	0	0	0
OTU1430	0	0	0	0	4	0	0	0	11	0
OTU1431	0	0	0	0	0	0	0	15	0	0
OTU1432	0	0	0	0	0	0	0	15	0	0
OTU1433	1	0	1	0	10	0	0	0	3	0
OTU1434	0	0	3	0	6	5	1	0	0	0
OTU1435	0	0	0	0	0	15	0	0	0	0
OTU1436	5	0	4	0	0	3	3	0	0	0
OTU1437	0	0	0	0	0	0	0	0	15	0
OTU1438	1	0	0	9	0	0	0	0	5	0
OTU1439	0	0	0	0	0	15	0	0	0	0
OTU1440	0	0	0	0	0	0	0	0	15	0
OTU1441	0	0	5	0	0	10	0	0	0	0
OTU1442	15	0	0	0	0	0	0	0	0	0
OTU1443	0	0	0	0	0	0	0	15	0	0
OTU1444	0	0	15	0	0	0	0	0	0	0
OTU1445	0	0	0	0	0	0	1	14	0	0
OTU1446	2	0	0	0	5	0	1	0	0	7
OTU1447	0	0	0	11	1	0	0	0	3	0
OTU1448	0	0	0	0	0	15	0	0	0	0
OTU1449	0	0	0	0	11	3	0	0	0	0
OTU1450	0	0	0	14	0	0	0	0	0	0
OTU1451	0	0	0	0	0	0	0	0	0	14
OTU1452	0	0	0	14	0	0	0	0	0	0
OTU1453	0	0	0	0	3	0	0	0	11	0
OTU1454	2	0	5	0	5	0	2	0	0	0
OTU1455	0	0	0	0	0	0	0	0	14	0
OTU1456	0	0	0	0	0	3	0	11	0	0
OTU1457	0	0	0	0	0	0	0	0	14	0
OTU1458	0	0	0	1	0	1	0	12	0	0
OTU1459	0	0	0	11	0	0	0	0	0	3
OTU1460	0	0	0	0	0	14	0	0	0	0
OTU1461	0	0	0	0	0	0	5	0	0	9
OTU1462	0	0	0	0	0	14	0	0	0	0
OTU1463	14	0	0	0	0	0	0	0	0	0
OTU1464	0	0	0	0	0	0	0	0	14	0
OTU1465	0	0	0	0	0	13	1	0	0	0
OTU1466	0	0	9	0	0	3	0	0	2	0
OTU1467	0	0	0	10	0	4	0	0	0	0
OTU1468	0	0	1	0	0	6	0	0	0	7
OTU1469	1	0	5	0	0	1	0	0	7	0
OTU1470	0	0	0	0	0	0	0	14	0	0
OTU1471	0	0	0	0	14	0	0	0	0	0
OTU1472	1	0	2	0	0	0	3	0	0	8
OTU1473	0	0	0	14	0	0	0	0	0	0
OTU1474	0	0	0	0	14	0	0	0	0	0
OTU1475	0	0	0	14	0	0	0	0	0	0
OTU1476	0	0	4	0	0	0	1	0	9	0
OTU1477	0	0	0	14	0	0	0	0	0	0
OTU1478	0	0	0	0	14	0	0	0	0	0
OTU1479	0	0	13	0	0	1	0	0	0	0
OTU1480	0	0	0	0	0	0	0	0	0	13
OTU1481	1	0	0	0	0	10	2	0	0	0
OTU1482	1	0	0	0	0	10	0	0	2	0
OTU1483	0	0	1	7	3	0	0	0	2	0
OTU1484	0	0	0	11	2	0	0	0	0	0
OTU1485	4	0	3	0	0	0	6	0	0	0
OTU1486	0	0	6	0	0	4	3	0	0	0
OTU1487	0	0	0	0	0	0	0	0	0	13
OTU1488	3	0	0	0	0	0	10	0	0	0
OTU1489	0	0	0	13	0	0	0	0	0	0
OTU1490	0	0	0	0	0	0	0	13	0	0
OTU1491	0	0	0	13	0	0	0	0	0	0
OTU1492	4	0	0	0	5	0	3	0	1	0
OTU1493	4	0	0	0	0	7	2	0	0	0
OTU1494	0	0	0	0	0	0	0	13	0	0
OTU1495	0	0	0	0	0	0	0	0	0	13
OTU1496	0	0	13	0	0	0	0	0	0	0
OTU1497	0	0	6	0	0	7	0	0	0	0
OTU1498	0	0	0	4	7	0	0	0	0	2
OTU1499	0	0	11	0	0	2	0	0	0	0
OTU1500	0	0	1	0	0	10	2	0	0	0
OTU1501	0	0	13	0	0	0	0	0	0	0
OTU1502	0	0	0	13	0	0	0	0	0	0
OTU1503	7	0	0	0	0	0	0	6	0	0
OTU1504	0	0	0	13	0	0	0	0	0	0
OTU1505	0	0	0	0	0	12	1	0	0	0
OTU1506	0	0	0	0	0	0	0	13	0	0
OTU1507	11	0	0	0	0	0	2	0	0	0
OTU1508	3	0	9	0	0	1	0	0	0	0
OTU1509	0	0	1	0	0	1	2	0	9	0
OTU1510	0	0	0	0	0	0	0	13	0	0
OTU1511	0	0	13	0	0	0	0	0	0	0
OTU1512	0	0	1	0	0	0	0	12	0	0
OTU1513	7	0	0	0	0	1	5	0	0	0
OTU1514	0	0	0	0	0	0	0	0	0	13
OTU1515	0	0	0	0	0	0	0	0	0	13
OTU1516	0	0	0	0	1	0	3	6	0	3
OTU1517	0	0	0	0	11	2	0	0	0	0
OTU1518	1	0	1	0	0	10	1	0	0	0
OTU1519	0	0	1	0	8	3	0	1	0	0
OTU1520	0	0	0	0	0	0	0	0	12	0
OTU1521	0	0	0	0	0	12	0	0	0	0
OTU1522	7	0	0	0	0	0	5	0	0	0
OTU1523	4	0	0	0	1	0	6	0	0	1
OTU1524	0	0	0	0	0	0	0	12	0	0
OTU1525	0	0	1	0	0	0	0	11	0	0
OTU1526	0	0	0	0	6	0	0	0	0	6
OTU1527	12	0	0	0	0	0	0	0	0	0
OTU1528	0	0	0	0	0	0	0	0	0	12
OTU1529	0	0	0	0	12	0	0	0	0	0
OTU1530	4	0	0	0	5	0	3	0	0	0
OTU1531	0	12	0	0	0	0	0	0	0	0
OTU1532	0	0	0	0	0	0	0	0	8	4
OTU1533	12	0	0	0	0	0	0	0	0	0
OTU1534	0	0	0	12	0	0	0	0	0	0
OTU1535	0	0	0	0	7	0	5	0	0	0
OTU1536	0	0	0	0	0	0	0	12	0	0
OTU1537	0	0	0	0	0	0	0	0	0	12
OTU1538	5	0	0	0	0	6	1	0	0	0
OTU1539	0	0	0	0	0	0	0	12	0	0
OTU1540	0	0	0	0	12	0	0	0	0	0
OTU1541	0	0	0	0	0	0	0	0	12	0
OTU1542	0	0	1	0	0	11	0	0	0	0
OTU1543	0	0	0	0	0	0	12	0	0	0
OTU1544	3	0	2	0	2	3	2	0	0	0
OTU1545	12	0	0	0	0	0	0	0	0	0
OTU1546	0	0	3	0	0	9	0	0	0	0
OTU1547	3	0	0	0	9	0	0	0	0	0
OTU1548	0	0	0	0	0	0	0	0	12	0
OTU1549	0	0	4	0	0	8	0	0	0	0
OTU1550	0	0	1	7	1	0	0	0	3	0
OTU1551	0	0	1	0	0	2	0	0	9	0
OTU1552	0	0	0	0	0	8	4	0	0	0
OTU1553	1	0	0	0	4	6	1	0	0	0
OTU1554	0	0	0	7	3	0	0	0	0	2
OTU1555	0	0	0	0	8	0	0	0	0	4
OTU1556	1	0	0	0	2	0	0	0	9	0
OTU1557	0	0	0	0	0	0	12	0	0	0
OTU1558	3	0	3	0	0	4	2	0	0	0
OTU1559	0	0	0	0	0	0	6	6	0	0
OTU1560	0	0	0	0	0	0	0	0	0	12
OTU1561	0	0	0	0	0	12	0	0	0	0
OTU1562	7	0	0	0	0	0	5	0	0	0
OTU1563	0	0	1	0	2	3	0	0	0	6
OTU1564	10	0	0	0	0	0	2	0	0	0
OTU1565	0	0	0	0	0	0	1	0	11	0
OTU1566	3	0	1	0	0	7	0	0	0	0
OTU1567	0	0	0	7	0	0	0	2	2	0
OTU1568	3	0	0	1	4	0	0	0	1	2
OTU1569	0	0	1	9	0	0	0	0	0	1
OTU1570	0	0	0	0	0	11	0	0	0	0
OTU1571	0	0	0	0	0	0	11	0	0	0
OTU1572	1	0	0	0	0	1	0	0	9	0
OTU1573	0	0	0	0	11	0	0	0	0	0
OTU1574	0	0	0	0	0	0	0	11	0	0
OTU1575	11	0	0	0	0	0	0	0	0	0
OTU1576	0	0	0	11	0	0	0	0	0	0
OTU1577	0	0	11	0	0	0	0	0	0	0
OTU1578	0	0	2	0	5	0	4	0	0	0
OTU1579	2	0	0	0	9	0	0	0	0	0
OTU1580	3	0	0	0	0	2	6	0	0	0
OTU1581	8	0	0	0	0	0	3	0	0	0
OTU1582	11	0	0	0	0	0	0	0	0	0
OTU1583	0	0	0	0	0	0	0	0	0	11
OTU1584	0	0	0	0	0	11	0	0	0	0
OTU1585	0	0	0	0	0	0	0	0	7	4
OTU1586	3	0	8	0	0	0	0	0	0	0
OTU1587	7	0	0	0	0	4	0	0	0	0
OTU1588	0	0	4	0	0	7	0	0	0	0
OTU1589	0	0	0	0	0	0	11	0	0	0
OTU1590	0	0	0	0	0	0	0	0	0	11
OTU1591	0	0	0	0	0	4	1	0	0	6
OTU1592	0	0	0	11	0	0	0	0	0	0
OTU1593	0	0	5	0	0	0	0	0	0	6
OTU1594	0	0	3	0	0	6	2	0	0	0
OTU1595	0	0	0	0	0	11	0	0	0	0
OTU1596	5	0	0	0	0	2	4	0	0	0
OTU1597	0	0	0	0	0	0	0	0	0	11
OTU1598	0	0	0	0	0	0	0	11	0	0
OTU1599	0	0	0	0	0	3	1	7	0	0
OTU1600	0	0	10	0	0	0	1	0	0	0
OTU1601	0	0	0	0	0	10	1	0	0	0
OTU1602	3	0	4	0	0	1	1	0	2	0
OTU1603	0	0	0	0	0	0	0	11	0	0
OTU1604	0	0	0	0	2	0	0	0	0	9
OTU1605	0	0	0	0	0	0	0	11	0	0
OTU1606	0	0	0	0	0	0	11	0	0	0
OTU1607	0	0	0	0	0	0	0	0	0	11
OTU1608	0	0	0	11	0	0	0	0	0	0
OTU1609	0	0	0	0	0	0	0	0	0	11
OTU1610	0	0	0	0	0	0	11	0	0	0
OTU1611	0	0	0	11	0	0	0	0	0	0
OTU1612	0	0	0	0	0	0	11	0	0	0
OTU1613	0	0	0	0	11	0	0	0	0	0
OTU1614	0	0	0	0	0	0	0	0	0	11
OTU1615	1	0	0	0	0	0	10	0	0	0
OTU1616	0	0	11	0	0	0	0	0	0	0
OTU1617	7	0	0	0	0	0	4	0	0	0
OTU1618	5	0	0	0	0	6	0	0	0	0
OTU1619	11	0	0	0	0	0	0	0	0	0
OTU1620	0	0	0	0	0	3	1	6	0	0
OTU1621	0	0	0	8	0	0	0	0	0	2
OTU1622	0	0	0	10	0	0	0	0	0	0
OTU1623	0	0	9	0	0	0	0	0	1	0
OTU1624	0	0	0	0	0	4	4	0	2	0
OTU1625	0	0	1	9	0	0	0	0	0	0
OTU1626	0	0	0	0	0	0	0	0	0	10
OTU1627	2	0	3	0	0	2	3	0	0	0
OTU1628	0	0	0	0	0	0	0	0	2	8
OTU1629	6	0	0	0	0	0	4	0	0	0
OTU1630	6	0	0	0	0	0	4	0	0	0
OTU1631	0	0	0	0	0	0	10	0	0	0
OTU1632	0	0	0	0	2	0	8	0	0	0
OTU1633	3	0	0	0	0	7	0	0	0	0
OTU1634	0	0	10	0	0	0	0	0	0	0
OTU1635	0	0	0	0	0	0	0	0	10	0
OTU1636	2	0	3	0	0	5	0	0	0	0
OTU1637	0	0	0	10	0	0	0	0	0	0
OTU1638	0	0	0	4	3	1	0	0	0	2
OTU1639	1	0	6	0	0	2	1	0	0	0
OTU1640	0	0	0	0	0	0	0	10	0	0
OTU1641	0	0	0	0	0	0	0	0	0	10
OTU1642	0	0	0	0	0	7	3	0	0	0
OTU1643	10	0	0	0	0	0	0	0	0	0
OTU1644	0	0	2	0	0	4	4	0	0	0
OTU1645	0	0	0	0	0	0	0	10	0	0
OTU1646	0	0	1	0	0	9	0	0	0	0
OTU1647	9	0	0	0	0	0	1	0	0	0
OTU1648	2	0	0	0	0	0	6	0	1	1
OTU1649	0	0	3	0	0	5	0	0	2	0
OTU1650	1	0	0	0	0	6	0	0	3	0
OTU1651	0	0	5	0	0	5	0	0	0	0
OTU1652	6	0	4	0	0	0	0	0	0	0
OTU1653	0	0	0	0	0	10	0	0	0	0
OTU1654	0	0	0	0	0	0	0	0	10	0
OTU1655	5	0	0	0	0	0	5	0	0	0
OTU1656	0	0	0	0	0	0	0	0	10	0
OTU1657	0	0	0	0	0	0	0	10	0	0
OTU1658	0	0	0	10	0	0	0	0	0	0
OTU1659	0	0	1	0	0	6	0	0	0	3
OTU1660	0	0	0	0	0	0	10	0	0	0
OTU1661	5	0	0	0	0	1	4	0	0	0
OTU1662	2	0	0	0	0	0	8	0	0	0
OTU1663	0	0	0	0	0	0	10	0	0	0
OTU1664	0	0	9	0	0	0	0	0	0	0
OTU1665	0	0	0	0	0	0	0	0	4	5
OTU1666	0	0	5	0	0	4	0	0	0	0
OTU1667	5	0	0	0	0	1	3	0	0	0
OTU1668	0	0	0	0	0	0	0	9	0	0
OTU1669	0	0	0	0	0	0	0	0	0	9
OTU1670	4	0	0	0	0	2	1	0	0	2
OTU1671	4	0	0	0	0	5	0	0	0	0
OTU1672	0	0	3	0	0	6	0	0	0	0
OTU1673	7	0	0	0	0	0	2	0	0	0
OTU1674	0	0	0	9	0	0	0	0	0	0
OTU1675	0	0	0	9	0	0	0	0	0	0
OTU1676	7	0	0	0	0	0	2	0	0	0
OTU1677	0	0	0	0	0	0	0	9	0	0
OTU1678	7	0	0	0	0	0	2	0	0	0
OTU1679	0	0	0	0	3	3	3	0	0	0
OTU1680	0	0	0	0	0	0	0	0	9	0
OTU1681	0	0	0	9	0	0	0	0	0	0
OTU1682	1	0	0	0	4	0	0	0	4	0
OTU1683	0	0	1	0	0	8	0	0	0	0
OTU1684	5	0	4	0	0	0	0	0	0	0
OTU1685	0	0	0	0	0	0	9	0	0	0
OTU1686	0	0	5	0	0	4	0	0	0	0
OTU1687	1	0	6	0	0	0	2	0	0	0
OTU1688	2	0	3	0	0	4	0	0	0	0
OTU1689	8	0	0	0	0	0	1	0	0	0
OTU1690	0	0	0	0	0	0	0	9	0	0
OTU1691	6	0	0	0	0	1	2	0	0	0
OTU1692	0	0	1	0	0	4	4	0	0	0
OTU1693	7	0	0	0	0	0	2	0	0	0
OTU1694	3	0	0	0	0	0	6	0	0	0
OTU1695	0	0	0	0	0	1	8	0	0	0
OTU1696	0	0	0	0	0	0	0	8	0	0
OTU1697	0	0	0	4	0	4	0	0	0	0
OTU1698	2	0	0	4	0	0	2	0	0	0
OTU1699	0	0	0	0	0	0	0	0	0	8
OTU1700	0	0	3	0	0	0	3	0	2	0
OTU1701	0	0	0	0	0	0	0	8	0	0
OTU1702	4	0	3	0	0	0	1	0	0	0
OTU1703	0	0	1	7	0	0	0	0	0	0
OTU1704	8	0	0	0	0	0	0	0	0	0
OTU1705	2	0	0	0	0	0	6	0	0	0
OTU1706	0	0	1	4	2	0	1	0	0	0
OTU1707	0	0	0	0	3	0	0	0	0	5
OTU1708	0	0	0	8	0	0	0	0	0	0
OTU1709	0	0	0	0	5	0	0	0	3	0
OTU1710	0	0	0	0	0	0	8	0	0	0
OTU1711	1	0	2	0	0	5	0	0	0	0
OTU1712	0	0	0	8	0	0	0	0	0	0
OTU1713	7	0	0	0	0	0	0	0	0	1
OTU1714	0	0	0	0	4	0	0	0	4	0
OTU1715	8	0	0	0	0	0	0	0	0	0
OTU1716	1	0	0	0	0	0	0	0	6	0
OTU1717	5	0	0	0	0	1	1	0	0	0
OTU1718	0	0	0	0	0	0	3	0	4	0
OTU1719	0	0	2	0	0	5	0	0	0	0
OTU1720	2	0	0	0	0	0	1	3	1	0
OTU1721	4	0	0	0	0	0	3	0	0	0
OTU1722	0	0	0	0	5	0	2	0	0	0
OTU1723	0	0	3	0	0	0	0	0	1	3
OTU1724	0	0	0	0	2	0	5	0	0	0
OTU1725	3	0	0	0	0	0	0	0	4	0
OTU1726	0	0	5	0	0	2	0	0	0	0
OTU1727	3	0	0	0	0	0	4	0	0	0
OTU1728	4	0	0	0	0	0	0	0	0	2
OTU1729	1	0	0	0	0	0	5	0	0	0
OTU1730	0	0	0	2	2	0	0	0	2	0
OTU1731	0	0	1	0	0	3	2	0	0	0
OTU1732	2	0	0	0	0	0	1	0	3	0
OTU1733	1	0	0	1	0	0	4	0	0	0
OTU1734	2	0	0	0	0	4	0	0	0	0
OTU1735	0	0	2	0	0	4	0	0	0	0
OTU1736	0	0	1	0	0	5	0	0	0	0
OTU1737	0	0	0	0	4	0	0	0	2	0
OTU1738	0	0	1	0	0	0	0	0	5	0
OTU1739	4	0	0	0	0	0	2	0	0	0
OTU1740	4	0	0	0	0	0	2	0	0	0
OTU1741	0	0	0	0	0	4	2	0	0	0
OTU1742	0	0	0	0	0	0	1	0	5	0
OTU1743	1	0	1	0	0	3	1	0	0	0
OTU1744	3	0	0	0	0	0	0	3	0	0
OTU1745	5	0	0	0	0	0	1	0	0	0
OTU1746	0	0	2	0	0	4	0	0	0	0
OTU1747	3	0	0	0	0	0	3	0	0	0
OTU1748	1	0	0	2	0	0	3	0	0	0
OTU1749	3	0	0	0	0	0	2	0	0	0
OTU1750	0	0	0	3	0	0	0	0	2	0
OTU1751	2	0	0	0	0	0	3	0	0	0
OTU1752	0	0	0	0	0	0	0	0	2	3
OTU1753	0	0	0	0	0	0	0	0	2	3
OTU1754	0	0	0	1	2	2	0	0	0	0
OTU1755	0	0	0	0	0	4	1	0	0	0
OTU1756	2	0	0	0	0	0	3	0	0	0
OTU1757	0	0	0	0	0	3	2	0	0	0
OTU1758	3	0	0	0	0	0	2	0	0	0
OTU1759	0	0	3	1	0	0	1	0	0	0
OTU1760	0	0	0	0	0	3	0	0	0	2
OTU1761	1	0	0	0	0	3	1	0	0	0
OTU1762	0	0	1	0	0	1	0	3	0	0
OTU1763	0	0	0	0	0	2	2	0	0	0
OTU1764	2	0	2	0	0	0	0	0	0	0
OTU1765	0	0	1	0	0	0	3	0	0	0
OTU1766	3	0	0	0	0	0	1	0	0	0
OTU1767	2	0	0	0	0	0	2	0	0	0
OTU1768	0	0	2	0	0	1	1	0	0	0
OTU1769	3	0	0	0	0	0	1	0	0	0
OTU1770	1	0	2	0	0	0	1	0	0	0
OTU1771	2	0	2	0	0	0	0	0	0	0
OTU1772	1	0	0	0	0	1	1	1	0	0
OTU1773	0	0	1	0	3	0	0	0	0	0
OTU1774	0	0	0	0	0	1	1	0	1	0
